10000.0000088
35.1078
35.1078
35.1078
35.1078
35
10000.0001000
35.7805
35.7805
35.7805
35.7805
35
10000.0004134
37.0134
37.0134
37.0134
37.0134
35
10000.0011314
38.6824
38.6824
38.6824
38.6824
35
10000.0024705
40.7835
40.7835
40.7835
40.7835
35
10000.0046765
43.3642
43.3648
43.3647
43.3642
35
10000.0080212
46.3677
46.3717
46.371
46.3677
35
10000.0128000
49.5724
49.5905
49.5869
49.5724
35.0001
10000.0193305
52.6969
52.7537
52.7408
52.6969
35.0005
10000.0279508
55.5305
55.6669
55.6319
55.5305
35.0029
10000.0390184
57.987
58.2526
58.1782
57.987
35.0112
10000.0529090
60.0822
60.5196
60.3893
60.0822
35.0336
10000.0700159
61.8763
62.5081
62.3115
61.8763
35.0815
10000.0907493
63.4292
64.2545
63.9899
63.4292
35.1675
10000.1155350
64.7836
65.7827
65.4559
64.7836
35.3017
10000.1448150
65.966
67.1101
66.7309
65.966
35.4895
10000.1790470
66.9956
68.2544
67.8335
66.9956
35.7304
10000.2187000
67.8902
69.2369
68.7841
67.8902
36.0188
10000.2642610
68.6692
70.0817
69.605
68.6692
36.3461
10000.3162280
69.3528
70.8145
70.32
69.3528
36.7023
10000.3751130
69.9611
71.4594
70.9516
69.9611
37.0778
10000.4414430
70.5117
72.0374
71.5197
70.5117
37.4646
10000.5157540
71.0192
72.5658
72.0406
71.0192
37.8562
10000.5985970
71.4951
73.0577
72.5268
71.4952
38.2483
10000.6905340
71.9478
73.5229
72.9875
71.9478
38.6382
10000.7921400
72.3829
73.968
73.429
72.3829
39.0242
10000.9040000
72.8041
74.3973
73.8554
72.8041
39.4053
10001.0267100
73.2138
74.8137
74.2694
73.2138
39.7811
10001.1608800
73.6134
75.2189
74.6727
73.6134
40.1513
10001.3071300
74.0041
75.6144
75.0664
74.0041
40.516
10001.4660900
74.3865
76.0008
75.4514
74.3866
40.8751
10001.6384000
74.7617
76.3795
75.8288
74.7617
41.229
10001.8247100
75.1296
76.7504
76.1987
75.1297
41.5778
10002.0256800
75.4914
77.1147
76.5621
75.4915
41.922
10002.2419900
75.848
77.4735
76.9201
75.8481
42.2622
10002.4743100
76.2004
77.8276
77.2736
76.2004
42.5994
10002.7233300
76.5495
78.1783
77.6237
76.5495
42.9342
10002.9897700
76.8964
78.5265
77.9715
76.8964
43.2677
10003.2743200
77.2422
78.8734
78.318
77.2422
43.6009
10003.5777100
77.5881
79.2202
78.6644
77.5881
43.9347
10003.9006600
77.9349
79.5678
79.0117
77.935
44.2698
10004.2439200
78.2836
79.917
79.3608
78.2836
44.6072
10004.6082300
78.6347
80.2686
79.7122
78.6348
44.9474
10004.9943500
78.9887
80.623
80.0664
78.9887
45.2906
10005.4030500
79.3452
80.9799
80.4232
79.3453
45.6369
10005.8350900
79.7047
81.3396
80.7829
79.7047
45.9863
10006.2912600
80.0669
81.7021
81.1453
80.067
46.3386
10006.7723500
80.4315
82.0669
81.51
80.4315
46.6934
10007.2791600
80.7976
82.4333
81.8762
80.7976
47.05
10007.8125000
81.1646
82.8004
82.2433
81.1646
47.4075
10008.3731800
81.5313
83.1673
82.6102
81.5313
47.7651
10008.9620400
81.8971
83.5332
82.976
81.8971
48.1219
10009.5798900
82.2607
83.8971
83.3398
82.2608
48.4767
10010.2276000
82.6212
84.2577
83.7004
82.6212
48.8285
10010.9060000
82.9774
84.614
84.0567
82.9774
49.1762
10011.6159000
83.3279
84.9647
84.4073
83.3279
49.5186
10012.3583000
83.6723
85.3092
84.7518
83.6723
49.8548
10013.1339000
84.0089
85.646
85.0885
84.009
50.1837
10013.9437000
84.3371
85.9742
85.4167
84.3371
50.5043
10014.7885000
84.6558
86.2932
85.7356
84.6559
50.8157
10015.6693000
84.9643
86.6018
86.0441
84.9643
51.1171
10016.5869000
85.2618
86.8994
86.3417
85.2618
51.4078
10017.5423000
85.5475
87.1852
86.6275
85.5475
51.687
10018.5364000
85.821
87.4588
86.901
85.821
51.9543
10019.5700000
86.0817
87.7196
87.1618
86.0817
52.2092
10020.6442000
86.3291
87.9671
87.4093
86.3291
52.4511
10021.7599000
86.5635
88.2017
87.6438
86.5636
52.6802
10022.9180000
86.7842
88.4224
87.8645
86.7842
52.896
10024.1194000
86.9914
88.6297
88.0717
86.9914
53.0985
10025.3652000
87.1851
88.8235
88.2655
87.1851
53.2879
10026.6563000
87.3655
89.004
88.4459
87.3655
53.4642
10027.9936000
87.5326
89.1711
88.6131
87.5326
53.6276
10029.3782000
87.687
89.3255
88.7675
87.687
53.7785
10030.8110000
87.8288
89.4675
88.9094
87.8289
53.9172
10032.2931000
87.9588
89.5975
89.0394
87.9588
54.0443
10033.8254000
88.0773
89.7161
89.158
88.0773
54.1601
10035.4089000
88.1849
89.8237
89.2655
88.1849
54.2652
10037.0447000
88.2812
89.92
89.3618
88.2812
54.3594
10038.7338000
88.3681
90.007
89.4488
88.3681
54.4446
10040.4772000
88.4462
90.0851
89.527
88.4463
54.5209
10042.2759000
88.5159
90.1548
89.5967
88.5159
54.589
10044.1310000
88.5778
90.2168
89.6586
88.5779
54.6495
10046.0435000
88.6325
90.2715
89.7133
88.6325
54.7029
10048.0145000
88.6806
90.3196
89.7614
88.6807
54.7499
10050.0451000
88.7227
90.3618
89.8036
88.7228
54.7911
10052.1362000
88.7594
90.3985
89.8402
88.7595
54.8269
10054.2891000
88.7911
90.4302
89.8719
88.7911
54.8578
10056.5047000
88.8184
90.4575
89.8993
88.8185
54.8845
10058.7841000
88.8419
90.481
89.9228
88.842
54.9075
10061.1285000
88.862
90.5011
89.9429
88.862
54.9271
10063.5389000
88.879
90.518
89.9598
88.879
54.9435
10066.0165000
88.8934
90.5325
89.9742
88.8934
54.9578
10068.5623000
88.9055
90.5446
89.9863
88.9055
54.9695
10071.1775000
88.9154
90.5545
89.9963
88.9154
54.9792
10073.8631000
88.9237
90.5628
90.0045
88.9237
54.9873
10076.6204000
88.9305
90.5696
90.0114
88.9305
54.994
10079.4504000
88.9362
90.5753
90.0171
88.9362
54.9995
10082.3543000
88.9409
90.58
90.0218
88.9409
55.0041
10085.3332000
88.9448
90.5839
90.0256
88.9448
55.0079
10088.3884000
88.9479
90.587
90.0288
88.9479
55.011
10091.5208000
88.9505
90.5896
90.0314
88.9505
55.0135
10094.7318000
88.9525
90.5917
90.0334
88.9526
55.0154
10098.0224000
88.9541
90.5933
90.035
88.9542
55.017
10101.3940000
88.9554
90.5946
90.0363
88.9555
55.0183
10104.8470000
88.9565
90.5956
90.0373
88.9565
55.0193
10108.3840000
88.9573
90.5964
90.0382
88.9573
55.0201
10112.0050000
88.9579
90.597
90.0388
88.9579
55.0207
10115.7120000
88.9584
90.5975
90.0393
88.9584
55.0211
10119.5050000
88.9588
90.5979
90.0397
88.9588
55.0215
10123.3870000
88.9591
90.5982
90.0399
88.9591
55.0218
10127.3580000
88.9593
90.5984
90.0402
88.9593
55.022
10131.4190000
88.9595
90.5986
90.0404
88.9595
55.0222
10135.5720000
88.9596
90.5987
90.0405
88.9596
55.0223
10139.8180000
88.9597
90.5988
90.0406
88.9597
55.0224
10144.1580000
88.9598
90.5989
90.0407
88.9598
55.0225
10148.5930000
88.9599
90.599
90.0407
88.9599
55.0226
10153.1250000
88.9599
90.5991
90.0408
88.9599
55.0226
10157.7550000
88.96
90.5991
90.0408
88.96
55.0227
10162.4840000
88.96
90.5991
90.0409
88.96
55.0227
10167.3130000
88.96
90.5992
90.0409
88.9601
55.0228
10172.2440000
88.9601
90.5992
90.0409
88.9601
55.0228
10177.2780000
88.9601
90.5992
90.041
88.9601
55.0228
10182.4160000
88.9601
90.5992
90.041
88.9601
55.0228
10187.6600000
88.9601
90.5993
90.041
88.9601
55.0228
10193.0100000
88.9601
90.5993
90.041
88.9602
55.0229
10198.4690000
88.9602
90.5993
90.041
88.9602
55.0229
10204.0370000
88.9602
90.5993
90.0411
88.9602
55.0229
10209.7150000
88.9602
90.5993
90.0411
88.9602
55.0229
10215.5060000
88.9602
90.5993
90.0411
88.9602
55.0229
10221.4100000
88.9602
90.5993
90.0411
88.9602
55.0229
10227.4280000
88.9602
90.5994
90.0411
88.9602
55.023
10233.5630000
88.9602
90.5994
90.0411
88.9603
55.023
10239.8150000
88.9603
90.5994
90.0411
88.9603
55.023
10246.1850000
88.9603
90.5994
90.0411
88.9603
55.023
10252.6760000
88.9603
90.5994
90.0412
88.9603
55.023
10259.2870000
88.9603
90.5994
90.0412
88.9603
55.023
10266.0220000
88.9603
90.5994
90.0412
88.9603
55.023
10272.8800000
88.9603
90.5994
90.0412
88.9603
55.023
10279.8640000
88.9603
90.5995
90.0412
88.9603
55.023
10286.9740000
88.9603
90.5995
90.0412
88.9603
55.0231
10294.2130000
88.9603
90.5995
90.0412
88.9604
55.0231
10301.5810000
88.9603
90.5995
90.0412
88.9604
55.0231
10309.0800000
88.9604
90.5995
90.0412
88.9604
55.0231
10316.7110000
88.9604
90.5995
90.0412
88.9604
55.0231
10324.4760000
88.9604
90.5995
90.0413
88.9604
55.0231
10332.3760000
88.9604
90.5995
90.0413
88.9604
55.0231
10340.4130000
88.9604
90.5995
90.0413
88.9604
55.0231
10348.5870000
88.9604
90.5995
90.0413
88.9604
55.0231
10356.9000000
88.9604
90.5995
90.0413
88.9604
55.0231
10365.3540000
88.9604
90.5995
90.0413
88.9604
55.0231
10373.9510000
88.9604
90.5995
90.0413
88.9604
55.0231
10382.6900000
88.9604
90.5996
90.0413
88.9604
55.0232
10391.5750000
88.9604
90.5996
90.0413
88.9604
55.0232
10400.6060000
88.9604
90.5996
90.0413
88.9604
55.0232
10409.7850000
88.9604
90.5996
90.0413
88.9605
55.0232
10419.1130000
88.9604
90.5996
90.0413
88.9605
55.0232
10428.5920000
88.9604
90.5996
90.0413
88.9605
55.0232
10438.2230000
88.9604
90.5996
90.0413
88.9605
55.0232
10448.0070000
88.9605
90.5996
90.0413
88.9605
55.0232
10457.9470000
88.9605
90.5996
90.0414
88.9605
55.0232
10468.0430000
88.9605
90.5996
90.0414
88.9605
55.0232
10478.2970000
88.9605
90.5996
90.0414
88.9605
55.0232
10488.7100000
88.9605
90.5996
90.0414
88.9605
55.0232
10499.2850000
88.9605
90.5996
90.0414
88.9605
55.0232
10510.0220000
88.9605
90.5996
90.0414
88.9605
55.0232
10520.9230000
88.9605
90.5996
90.0414
88.9605
55.0232
10531.9890000
88.9605
90.5996
90.0414
88.9605
55.0232
10543.2220000
88.9605
90.5996
90.0414
88.9605
55.0232
10554.6240000
88.9605
90.5996
90.0414
88.9605
55.0232
10566.1950000
88.9605
90.5996
90.0414
88.9605
55.0232
10577.9380000
88.9605
90.5996
90.0414
88.9605
55.0233
10589.8540000
88.9605
90.5997
90.0414
88.9605
55.0233
10601.9440000
88.9605
90.5997
90.0414
88.9605
55.0233
10614.2110000
88.9605
90.5997
90.0414
88.9605
55.0233
10626.6550000
88.9605
90.5997
90.0414
88.9605
55.0233
10639.2770000
88.9605
90.5997
90.0414
88.9605
55.0233
10652.0810000
88.9605
90.5997
90.0414
88.9605
55.0233
10665.0660000
88.9605
90.5997
90.0414
88.9605
55.0233
10678.2360000
88.9605
90.5997
90.0414
88.9606
55.0233
10691.5900000
88.9605
90.5997
90.0414
88.9606
55.0233
10705.1310000
88.9605
90.5997
90.0414
88.9606
55.0233
10718.8610000
88.9605
90.5997
90.0414
88.9606
55.0233
10732.7800000
88.9605
90.5997
90.0414
88.9606
55.0233
10746.8910000
88.9605
90.5997
90.0414
88.9606
55.0233
10761.1950000
88.9605
90.5997
90.0414
88.9606
55.0233
10775.6940000
88.9605
90.5997
90.0414
88.9606
55.0233
10790.3890000
88.9605
90.5997
90.0414
88.9606
55.0233
10805.2810000
88.9606
90.5997
90.0414
88.9606
55.0233
10820.3730000
88.9606
90.5997
90.0415
88.9606
55.0233
10835.6660000
88.9606
90.5997
90.0415
88.9606
55.0233
10851.1610000
88.9606
90.5997
90.0415
88.9606
55.0233
10866.8610000
88.9606
90.5997
90.0415
88.9606
55.0233
10882.7660000
88.9606
90.5997
90.0415
88.9606
55.0233
10898.8790000
88.9606
90.5997
90.0415
88.9606
55.0233
10915.2000000
88.9606
90.5997
90.0415
88.9606
55.0233
10931.7330000
88.9606
90.5997
90.0415
88.9606
55.0233
10948.4770000
88.9606
90.5997
90.0415
88.9606
55.0233
10965.4350000
88.9606
90.5997
90.0415
88.9606
55.0233
10982.6090000
88.9606
90.5997
90.0415
88.9606
55.0233
10999.0000000
88.9606
90.5997
90.0415
88.9606
55.0233

