4000.0000088
35
35
35.1078
35
35
4000.0001000
35
35.0023
35.7782
35.0023
35
4000.0004134
35
35.0192
36.994
35.0192
35
4000.0011314
35.0001
35.0822
38.5979
35.0823
35
4000.0024705
35.0007
35.2487
40.5208
35.2488
35
4000.0046765
35.0042
35.5935
42.7129
35.5938
35
4000.0080212
35.0178
36.1622
45.0309
36.1641
35
4000.0128000
35.054
36.9231
47.243
36.9304
35
4000.0193305
35.1271
37.7764
49.1506
37.7966
35.0001
4000.0279508
35.2466
38.6124
50.6721
38.6555
35.0005
4000.0390184
35.4124
39.3602
51.8331
39.435
35.0021
4000.0529090
35.6159
39.9966
52.7104
40.1073
35.0063
4000.0700159
35.8432
40.5284
53.3831
40.6734
35.0156
4000.0907493
36.079
40.9717
53.911
41.1452
35.0324
4000.1155350
36.31
41.3422
54.3335
41.5368
35.0588
4000.1448150
36.5267
41.6523
54.676
41.8609
35.0959
4000.1790470
36.7236
41.9119
54.9559
42.1291
35.1438
4000.2187000
36.8989
42.1297
55.1865
42.3518
35.2012
4000.2642610
37.0537
42.3137
55.3785
42.5384
35.2665
4000.3162280
37.1906
42.4709
55.541
42.6969
35.3376
4000.3751130
37.3127
42.6076
55.6813
42.8344
35.4127
4000.4414430
37.4234
42.7289
55.8051
42.9562
35.49
4000.5157540
37.5253
42.8389
55.9171
43.0667
35.5684
4000.5985970
37.6209
42.9406
56.0204
43.169
35.6468
4000.6905340
37.7117
43.0362
56.1174
43.2653
35.7247
4000.7921400
37.7989
43.1274
56.2096
43.3569
35.8018
4000.9040000
37.8833
43.2149
56.2981
43.445
35.878
4001.0267100
37.9654
43.2996
56.3836
43.5302
35.9531
4001.1608800
38.0454
43.3819
56.4666
43.6129
36.027
4001.3071300
38.1237
43.462
56.5473
43.6934
36.0999
4001.4660900
38.2003
43.5402
56.6259
43.7719
36.1717
4001.6384000
38.2753
43.6166
56.7028
43.8486
36.2424
4001.8247100
38.349
43.6914
56.778
43.9237
36.3121
4002.0256800
38.4214
43.7649
56.8517
43.9973
36.3809
4002.2419900
38.4928
43.8371
56.9242
44.0698
36.449
4002.4743100
38.5632
43.9083
56.9957
44.1412
36.5163
4002.7233300
38.633
43.9787
57.0664
44.2118
36.5832
4002.9897700
38.7024
44.0487
57.1366
44.282
36.6498
4003.2743200
38.7716
44.1183
57.2065
44.3518
36.7164
4003.5777100
38.8407
44.1879
57.2762
44.4216
36.7831
4003.9006600
38.9101
44.2576
57.3461
44.4916
36.85
4004.2439200
38.9798
44.3277
57.4164
44.5618
36.9174
4004.6082300
39.0499
44.3981
57.487
44.6325
36.9854
4004.9943500
39.1206
44.4691
57.5581
44.7036
37.0539
4005.4030500
39.192
44.5406
57.6298
44.7753
37.1231
4005.8350900
39.2639
44.6128
57.7021
44.8476
37.193
4006.2912600
39.3363
44.6854
57.7748
44.9204
37.2634
4006.7723500
39.4092
44.7585
57.848
44.9936
37.3344
4007.2791600
39.4824
44.8318
57.9214
45.067
37.4056
4007.8125000
39.5558
44.9053
57.9949
45.1406
37.4771
4008.3731800
39.6291
44.9787
58.0685
45.2142
37.5486
4008.9620400
39.7023
45.052
58.1418
45.2875
37.6199
4009.5798900
39.775
45.1248
58.2147
45.3604
37.6908
4010.2276000
39.8471
45.197
58.2869
45.4326
37.7612
4010.9060000
39.9183
45.2683
58.3582
45.5039
37.8307
4011.6159000
39.9885
45.3385
58.4285
45.5742
37.8992
4012.3583000
40.0573
45.4074
58.4973
45.6431
37.9664
4013.1339000
40.1246
45.4748
58.5648
45.7105
38.0322
4013.9437000
40.1903
45.5405
58.6305
45.7762
38.0963
4014.7885000
40.254
45.6043
58.6943
45.84
38.1586
4015.6693000
40.3157
45.666
58.756
45.9017
38.2189
4016.5869000
40.3752
45.7255
58.8155
45.9612
38.277
4017.5423000
40.4323
45.7827
58.8727
46.0184
38.3328
4018.5364000
40.487
45.8374
58.9274
46.0731
38.3863
4019.5700000
40.5392
45.8896
58.9796
46.1253
38.4373
4020.6442000
40.5887
45.9391
59.0292
46.1748
38.4857
4021.7599000
40.6356
45.986
59.0761
46.2217
38.5315
4022.9180000
40.6797
46.0302
59.1202
46.2658
38.5747
4024.1194000
40.7212
46.0717
59.1617
46.3073
38.6152
4025.3652000
40.7599
46.1104
59.2005
46.346
38.6531
4026.6563000
40.796
46.1465
59.2366
46.3821
38.6883
4027.9936000
40.8295
46.18
59.27
46.4156
38.721
4029.3782000
40.8604
46.2109
59.3009
46.4465
38.7512
4030.8110000
40.8888
46.2393
59.3293
46.4749
38.779
4032.2931000
40.9147
46.2653
59.3553
46.5009
38.8044
4033.8254000
40.9384
46.289
59.379
46.5245
38.8275
4035.4089000
40.9598
46.3104
59.4004
46.5459
38.8485
4037.0447000
40.9792
46.3298
59.4198
46.5653
38.8674
4038.7338000
40.9967
46.3473
59.4373
46.5828
38.8845
4040.4772000
41.0123
46.3629
59.4529
46.5984
38.8997
4042.2759000
41.0262
46.3768
59.4668
46.6124
38.9134
4044.1310000
41.0386
46.3892
59.4792
46.6247
38.9255
4046.0435000
41.0495
46.4002
59.4901
46.6356
38.9362
4048.0145000
41.0591
46.4098
59.4998
46.6453
38.9456
4050.0451000
41.0676
46.4182
59.5082
46.6537
38.9538
4052.1362000
41.0749
46.4255
59.5155
46.661
38.961
4054.2891000
41.0812
46.4319
59.5219
46.6674
38.9672
4056.5047000
41.0867
46.4374
59.5273
46.6728
38.9725
4058.7841000
41.0914
46.4421
59.532
46.6775
38.9771
4061.1285000
41.0954
46.4461
59.536
46.6815
38.981
4063.5389000
41.0988
46.4495
59.5395
46.6849
38.9844
4066.0165000
41.1017
46.4523
59.5423
46.6878
38.9872
4068.5623000
41.1041
46.4548
59.5447
46.6902
38.9896
4071.1775000
41.1061
46.4568
59.5468
46.6922
38.9915
4073.8631000
41.1078
46.4585
59.5485
46.6939
38.9932
4076.6204000
41.1092
46.4599
59.5498
46.6953
38.9945
4079.4504000
41.1103
46.461
59.551
46.6965
38.9957
4082.3543000
41.1113
46.4619
59.5519
46.6974
38.9966
4085.3332000
41.112
46.4627
59.5527
46.6982
38.9973
4088.3884000
41.1127
46.4633
59.5533
46.6988
38.9979
4091.5208000
41.1132
46.4638
59.5538
46.6993
38.9984
4094.7318000
41.1136
46.4642
59.5542
46.6997
38.9988
4098.0224000
41.1139
46.4646
59.5545
46.7
38.9991
4101.3940000
41.1141
46.4648
59.5548
46.7003
38.9994
4104.8470000
41.1143
46.465
59.555
46.7005
38.9996
4108.3840000
41.1145
46.4652
59.5551
46.7006
38.9997
4112.0050000
41.1146
46.4653
59.5553
46.7007
38.9998
4115.7120000
41.1147
46.4654
59.5554
46.7008
38.9999
4119.5050000
41.1148
46.4654
59.5554
46.7009
39
4123.3870000
41.1148
46.4655
59.5555
46.701
39.0001
4127.3580000
41.1149
46.4655
59.5555
46.701
39.0001
4131.4190000
41.1149
46.4656
59.5556
46.701
39.0001
4135.5720000
41.1149
46.4656
59.5556
46.7011
39.0002
4139.8180000
41.115
46.4656
59.5556
46.7011
39.0002
4144.1580000
41.115
46.4656
59.5556
46.7011
39.0002
4148.5930000
41.115
46.4656
59.5556
46.7011
39.0002
4153.1250000
41.115
46.4657
59.5556
46.7011
39.0002
4157.7550000
41.115
46.4657
59.5556
46.7011
39.0002
4162.4840000
41.115
46.4657
59.5556
46.7011
39.0002
4167.3130000
41.115
46.4657
59.5556
46.7011
39.0002
4172.2440000
41.115
46.4657
59.5556
46.7011
39.0002
4177.2780000
41.115
46.4657
59.5556
46.7011
39.0002
4182.4160000
41.115
46.4657
59.5556
46.7011
39.0002
4187.6600000
41.115
46.4657
59.5557
46.7011
39.0002
4193.0100000
41.115
46.4657
59.5557
46.7011
39.0002
4198.4690000
41.115
46.4657
59.5557
46.7011
39.0002
4204.0370000
41.115
46.4657
59.5557
46.7011
39.0002
4209.7150000
41.115
46.4657
59.5557
46.7011
39.0002
4215.5060000
41.115
46.4657
59.5557
46.7011
39.0002
4221.4100000
41.115
46.4657
59.5557
46.7011
39.0002
4227.4280000
41.115
46.4657
59.5557
46.7011
39.0002
4233.5630000
41.115
46.4657
59.5557
46.7011
39.0002
4239.8150000
41.115
46.4657
59.5557
46.7011
39.0002
4246.1850000
41.115
46.4657
59.5557
46.7011
39.0002
4252.6760000
41.115
46.4657
59.5557
46.7011
39.0002
4259.2870000
41.115
46.4657
59.5557
46.7011
39.0002
4266.0220000
41.115
46.4657
59.5557
46.7011
39.0002
4272.8800000
41.115
46.4657
59.5557
46.7011
39.0002
4279.8640000
41.115
46.4657
59.5557
46.7011
39.0002
4286.9740000
41.115
46.4657
59.5557
46.7011
39.0002
4294.2130000
41.115
46.4657
59.5557
46.7011
39.0002
4301.5810000
41.115
46.4657
59.5557
46.7011
39.0002
4309.0800000
41.115
46.4657
59.5557
46.7011
39.0002
4316.7110000
41.115
46.4657
59.5557
46.7011
39.0002
4324.4760000
41.115
46.4657
59.5557
46.7011
39.0002
4332.3760000
41.115
46.4657
59.5557
46.7011
39.0002
4340.4130000
41.115
46.4657
59.5557
46.7011
39.0002
4348.5870000
41.115
46.4657
59.5557
46.7011
39.0002
4356.9000000
41.115
46.4657
59.5557
46.7011
39.0002
4365.3540000
41.115
46.4657
59.5557
46.7011
39.0002
4373.9510000
41.115
46.4657
59.5557
46.7011
39.0002
4382.6900000
41.115
46.4657
59.5557
46.7011
39.0002
4391.5750000
41.115
46.4657
59.5557
46.7011
39.0002
4400.6060000
41.115
46.4657
59.5557
46.7011
39.0002
4409.7850000
41.115
46.4657
59.5557
46.7011
39.0002
4419.1130000
41.115
46.4657
59.5557
46.7011
39.0002
4428.5920000
41.115
46.4657
59.5557
46.7011
39.0002
4438.2230000
41.115
46.4657
59.5557
46.7011
39.0002
4448.0070000
41.115
46.4657
59.5557
46.7011
39.0002
4457.9470000
41.115
46.4657
59.5557
46.7011
39.0002
4468.0430000
41.115
46.4657
59.5557
46.7011
39.0002
4478.2970000
41.115
46.4657
59.5557
46.7011
39.0002
4488.7100000
41.115
46.4657
59.5557
46.7011
39.0002
4499.2850000
41.115
46.4657
59.5557
46.7011
39.0002
4510.0220000
41.115
46.4657
59.5557
46.7011
39.0002
4520.9230000
41.115
46.4657
59.5557
46.7011
39.0002
4531.9890000
41.115
46.4657
59.5557
46.7011
39.0002
4543.2220000
41.115
46.4657
59.5557
46.7011
39.0002
4554.6240000
41.115
46.4657
59.5557
46.7011
39.0002
4566.1950000
41.115
46.4657
59.5557
46.7011
39.0002
4577.9380000
41.115
46.4657
59.5557
46.7011
39.0002
4589.8540000
41.115
46.4657
59.5557
46.7011
39.0002
4601.9440000
41.115
46.4657
59.5557
46.7011
39.0002
4614.2110000
41.115
46.4657
59.5557
46.7011
39.0002
4626.6550000
41.115
46.4657
59.5557
46.7011
39.0002
4639.2770000
41.115
46.4657
59.5557
46.7011
39.0002
4652.0810000
41.115
46.4657
59.5557
46.7011
39.0002
4665.0660000
41.115
46.4657
59.5557
46.7011
39.0002
4678.2360000
41.115
46.4657
59.5557
46.7011
39.0002
4691.5900000
41.115
46.4657
59.5557
46.7011
39.0002
4705.1310000
41.115
46.4657
59.5557
46.7011
39.0002
4718.8610000
41.115
46.4657
59.5557
46.7011
39.0002
4732.7800000
41.115
46.4657
59.5557
46.7011
39.0002
4746.8910000
41.115
46.4657
59.5557
46.7011
39.0002
4761.1950000
41.115
46.4657
59.5557
46.7011
39.0002
4775.6940000
41.115
46.4657
59.5557
46.7011
39.0002
4790.3890000
41.115
46.4657
59.5557
46.7011
39.0002
4805.2810000
41.115
46.4657
59.5557
46.7011
39.0002
4820.3730000
41.115
46.4657
59.5557
46.7011
39.0002
4835.6660000
41.115
46.4657
59.5557
46.7011
39.0002
4851.1610000
41.115
46.4657
59.5557
46.7011
39.0002
4866.8610000
41.115
46.4657
59.5557
46.7011
39.0002
4882.7660000
41.115
46.4657
59.5557
46.7011
39.0002
4898.8790000
41.115
46.4657
59.5557
46.7011
39.0002
4915.2000000
41.115
46.4657
59.5557
46.7011
39.0002
4931.7330000
41.115
46.4657
59.5557
46.7011
39.0002
4948.4770000
41.115
46.4657
59.5557
46.7011
39.0002
4965.4350000
41.115
46.4657
59.5557
46.7011
39.0002
4982.6090000
41.115
46.4657
59.5557
46.7011
39.0002
4999.0000000
41.115
46.4657
59.5557
46.7011
39.0002
1e+10
41.115
46.4657
59.5557
46.7011
39.0002

