0.0000088
35.1078
35
35
35
35
0.0001000
35.7782
35
35
35
35
0.0004134
36.9942
35.0002
35
35
35
0.0011314
38.6001
35.0022
35
35
35
0.0024705
40.5335
35.0128
35
35
35
0.0046765
42.7628
35.0509
35.0004
35
35
0.0080212
45.1729
35.1481
35.0021
35.0003
35.0003
0.0128000
47.5514
35.3348
35.0088
35.0014
35.0016
0.0193305
49.6902
35.6202
35.0272
35.0057
35.0067
0.0279508
51.4684
35.9865
35.0666
35.0177
35.0203
0.0390184
52.8653
36.3992
35.1356
35.0439
35.0491
0.0529090
53.9282
36.8226
35.2384
35.0909
35.0993
0.0700159
54.7295
37.2293
35.3726
35.1626
35.1737
0.0907493
55.3383
37.6019
35.53
35.2582
35.2707
0.1155350
55.8081
37.9321
35.6993
35.3722
35.3848
0.1448150
56.1766
38.218
35.8697
35.4967
35.5084
0.1790470
56.4702
38.4619
36.0328
35.624
35.6344
0.2187000
56.7076
38.669
36.1841
35.7482
35.7571
0.2642610
56.9028
38.8451
36.3217
35.8657
35.8734
0.3162280
57.0668
38.9966
36.4462
35.9754
35.982
0.3751130
57.208
39.1292
36.5594
36.0774
36.0832
0.4414430
57.3326
39.2475
36.6633
36.173
36.1779
0.5157540
57.4453
39.3553
36.7602
36.2633
36.2674
0.5985970
57.5495
39.4555
36.8517
36.3496
36.353
0.6905340
57.6474
39.5501
36.9393
36.433
36.4357
0.7921400
57.7406
39.6404
37.0239
36.5142
36.5161
0.9040000
57.83
39.7274
37.1062
36.5935
36.5948
1.0267100
57.9163
39.8117
37.1865
36.6714
36.6721
1.1608800
58
39.8936
37.265
36.7479
36.7481
1.3071300
58.0813
39.9735
37.342
36.8231
36.8229
1.4660900
58.1605
40.0514
37.4175
36.8972
36.8965
1.6384000
58.2378
40.1276
37.4916
36.97
36.969
1.8247100
58.3134
40.2023
37.5645
37.0418
37.0405
2.0256800
58.3875
40.2756
37.6362
37.1126
37.111
2.2419900
58.4604
40.3477
37.7069
37.1825
37.1806
2.4743100
58.5322
40.4189
37.7769
37.2517
37.2496
2.7233300
58.6033
40.4894
37.8462
37.3204
37.3181
2.9897700
58.6738
40.5593
37.9152
37.3888
37.3862
3.2743200
58.7441
40.629
37.984
37.4571
37.4543
3.5777100
58.8143
40.6986
38.0528
37.5255
37.5225
3.9006600
58.8845
40.7684
38.1219
37.5941
37.5909
4.2439200
58.9551
40.8385
38.1913
37.6632
37.6598
4.6082300
59.0261
40.909
38.2613
37.7328
37.7292
4.9943500
59.0976
40.9801
38.3318
37.8031
37.7992
5.4030500
59.1696
41.0518
38.4029
37.8739
37.8699
5.8350900
59.2421
41.124
38.4747
37.9454
37.9413
6.2912600
59.3152
41.1967
38.547
38.0175
38.0132
6.7723500
59.3885
41.2697
38.6197
38.0901
38.0857
7.2791600
59.4622
41.3431
38.6928
38.163
38.1585
7.8125000
59.5359
41.4167
38.7661
38.2362
38.2315
8.3731800
59.6096
41.4902
38.8394
38.3093
38.3046
8.9620400
59.6831
41.5635
38.9125
38.3823
38.3775
9.5798900
59.7561
41.6364
38.9851
38.4549
38.45
10.2276000
59.8283
41.7085
39.0571
38.5268
38.5219
10.9060000
59.8997
41.7798
39.1283
38.5979
38.5929
11.6159000
59.97
41.85
39.1984
38.668
38.663
12.3583000
60.039
41.919
39.2673
38.7367
38.7317
13.1339000
60.1063
41.9863
39.3345
38.8039
38.7989
13.9437000
60.172
42.0519
39.4001
38.8695
38.8645
14.7885000
60.2357
42.1157
39.4638
38.9331
38.9281
15.6693000
60.2975
42.1774
39.5255
38.9948
38.9898
16.5869000
60.357
42.2369
39.5849
39.0542
39.0492
17.5423000
60.4141
42.294
39.642
39.1113
39.1063
18.5364000
60.4688
42.3487
39.6967
39.1659
39.1609
19.5700000
60.521
42.4009
39.7488
39.218
39.2131
20.6442000
60.5705
42.4504
39.7983
39.2675
39.2626
21.7599000
60.6173
42.4973
39.8452
39.3144
39.3094
22.9180000
60.6615
42.5414
39.8893
39.3585
39.3535
24.1194000
60.7029
42.5829
39.9307
39.3999
39.395
25.3652000
60.7416
42.6216
39.9695
39.4386
39.4337
26.6563000
60.7777
42.6577
40.0056
39.4747
39.4698
27.9936000
60.8112
42.6912
40.039
39.5081
39.5032
29.3782000
60.842
42.722
40.0699
39.539
39.5341
30.8110000
60.8704
42.7505
40.0983
39.5674
39.5625
32.2931000
60.8964
42.7764
40.1243
39.5933
39.5885
33.8254000
60.92
42.8001
40.1479
39.617
39.6121
35.4089000
60.9415
42.8215
40.1693
39.6384
39.6335
37.0447000
60.9609
42.8409
40.1887
39.6578
39.6529
38.7338000
60.9783
42.8583
40.2062
39.6752
39.6704
40.4772000
60.9939
42.874
40.2218
39.6908
39.686
42.2759000
61.0078
42.8879
40.2357
39.7048
39.6999
44.1310000
61.0202
42.9003
40.2481
39.7171
39.7123
46.0435000
61.0311
42.9112
40.259
39.728
39.7232
48.0145000
61.0407
42.9208
40.2686
39.7377
39.7328
50.0451000
61.0491
42.9292
40.277
39.7461
39.7412
52.1362000
61.0565
42.9366
40.2844
39.7534
39.7486
54.2891000
61.0628
42.9429
40.2907
39.7597
39.7549
56.5047000
61.0683
42.9484
40.2962
39.7652
39.7604
58.7841000
61.073
42.9531
40.3009
39.7699
39.7651
61.1285000
61.077
42.9571
40.3049
39.7739
39.7691
63.5389000
61.0804
42.9605
40.3083
39.7773
39.7725
66.0165000
61.0833
42.9634
40.3112
39.7802
39.7754
68.5623000
61.0857
42.9658
40.3136
39.7826
39.7778
71.1775000
61.0877
42.9678
40.3156
39.7846
39.7798
73.8631000
61.0894
42.9695
40.3173
39.7863
39.7815
76.6204000
61.0908
42.9709
40.3187
39.7877
39.7829
79.4504000
61.0919
42.972
40.3198
39.7888
39.784
82.3543000
61.0929
42.973
40.3208
39.7898
39.785
85.3332000
61.0936
42.9737
40.3215
39.7905
39.7857
88.3884000
61.0942
42.9743
40.3221
39.7911
39.7864
91.5208000
61.0947
42.9748
40.3226
39.7916
39.7869
94.7318000
61.0951
42.9752
40.323
39.792
39.7873
98.0224000
61.0955
42.9756
40.3234
39.7924
39.7876
101.3940000
61.0957
42.9758
40.3236
39.7926
39.7878
104.8470000
61.0959
42.976
40.3238
39.7928
39.788
108.3840000
61.0961
42.9762
40.324
39.793
39.7882
112.0050000
61.0962
42.9763
40.3241
39.7931
39.7883
115.7120000
61.0963
42.9764
40.3242
39.7932
39.7884
119.5050000
61.0964
42.9765
40.3242
39.7933
39.7885
123.3870000
61.0964
42.9765
40.3243
39.7933
39.7885
127.3580000
61.0964
42.9766
40.3243
39.7934
39.7886
131.4190000
61.0965
42.9766
40.3244
39.7934
39.7886
135.5720000
61.0965
42.9766
40.3244
39.7934
39.7886
139.8180000
61.0965
42.9766
40.3244
39.7934
39.7887
144.1580000
61.0965
42.9767
40.3244
39.7934
39.7887
148.5930000
61.0965
42.9767
40.3244
39.7935
39.7887
153.1250000
61.0966
42.9767
40.3245
39.7935
39.7887
157.7550000
61.0966
42.9767
40.3245
39.7935
39.7887
162.4840000
61.0966
42.9767
40.3245
39.7935
39.7887
167.3130000
61.0966
42.9767
40.3245
39.7935
39.7887
172.2440000
61.0966
42.9767
40.3245
39.7935
39.7887
177.2780000
61.0966
42.9767
40.3245
39.7935
39.7887
182.4160000
61.0966
42.9767
40.3245
39.7935
39.7887
187.6600000
61.0966
42.9767
40.3245
39.7935
39.7887
193.0100000
61.0966
42.9767
40.3245
39.7935
39.7887
198.4690000
61.0966
42.9767
40.3245
39.7935
39.7887
204.0370000
61.0966
42.9767
40.3245
39.7935
39.7887
209.7150000
61.0966
42.9767
40.3245
39.7935
39.7887
215.5060000
61.0966
42.9767
40.3245
39.7935
39.7887
221.4100000
61.0966
42.9767
40.3245
39.7935
39.7887
227.4280000
61.0966
42.9767
40.3245
39.7935
39.7887
233.5630000
61.0966
42.9767
40.3245
39.7935
39.7887
239.8150000
61.0966
42.9767
40.3245
39.7935
39.7887
246.1850000
61.0966
42.9767
40.3245
39.7935
39.7887
252.6760000
61.0966
42.9767
40.3245
39.7935
39.7887
259.2870000
61.0966
42.9767
40.3245
39.7935
39.7887
266.0220000
61.0966
42.9767
40.3245
39.7935
39.7887
272.8800000
61.0966
42.9767
40.3245
39.7935
39.7887
279.8640000
61.0966
42.9767
40.3245
39.7935
39.7887
286.9740000
61.0966
42.9767
40.3245
39.7935
39.7887
294.2130000
61.0966
42.9767
40.3245
39.7935
39.7887
301.5810000
61.0966
42.9767
40.3245
39.7935
39.7887
309.0800000
61.0966
42.9767
40.3245
39.7935
39.7887
316.7110000
61.0966
42.9767
40.3245
39.7935
39.7887
324.4760000
61.0966
42.9767
40.3245
39.7935
39.7887
332.3760000
61.0966
42.9767
40.3245
39.7935
39.7887
340.4130000
61.0966
42.9767
40.3245
39.7935
39.7887
348.5870000
61.0966
42.9767
40.3245
39.7935
39.7887
356.9000000
61.0966
42.9767
40.3245
39.7935
39.7887
365.3540000
61.0966
42.9767
40.3245
39.7935
39.7887
373.9510000
61.0966
42.9767
40.3245
39.7935
39.7887
382.6900000
61.0966
42.9767
40.3245
39.7935
39.7887
391.5750000
61.0966
42.9767
40.3245
39.7935
39.7887
400.6060000
61.0966
42.9767
40.3245
39.7935
39.7887
409.7850000
61.0966
42.9767
40.3245
39.7935
39.7887
419.1130000
61.0966
42.9767
40.3245
39.7935
39.7887
428.5920000
61.0966
42.9767
40.3245
39.7935
39.7887
438.2230000
61.0966
42.9767
40.3245
39.7935
39.7887
448.0070000
61.0966
42.9767
40.3245
39.7935
39.7887
457.9470000
61.0966
42.9767
40.3245
39.7935
39.7887
468.0430000
61.0966
42.9767
40.3245
39.7935
39.7887
478.2970000
61.0966
42.9767
40.3245
39.7935
39.7887
488.7100000
61.0966
42.9767
40.3245
39.7935
39.7887
499.2850000
61.0966
42.9767
40.3245
39.7935
39.7887
510.0220000
61.0966
42.9767
40.3245
39.7935
39.7887
520.9230000
61.0966
42.9767
40.3245
39.7935
39.7887
531.9890000
61.0966
42.9767
40.3245
39.7935
39.7887
543.2220000
61.0966
42.9767
40.3245
39.7935
39.7887
554.6240000
61.0966
42.9767
40.3245
39.7935
39.7887
566.1950000
61.0966
42.9767
40.3245
39.7935
39.7887
577.9380000
61.0966
42.9767
40.3245
39.7935
39.7887
589.8540000
61.0966
42.9767
40.3245
39.7935
39.7887
601.9440000
61.0966
42.9767
40.3245
39.7935
39.7887
614.2110000
61.0966
42.9767
40.3245
39.7935
39.7887
626.6550000
61.0966
42.9767
40.3245
39.7935
39.7887
639.2770000
61.0966
42.9767
40.3245
39.7935
39.7887
652.0810000
61.0966
42.9767
40.3245
39.7935
39.7887
665.0660000
61.0966
42.9767
40.3245
39.7935
39.7887
678.2360000
61.0966
42.9767
40.3245
39.7935
39.7887
691.5900000
61.0966
42.9767
40.3245
39.7935
39.7887
705.1310000
61.0966
42.9767
40.3245
39.7935
39.7887
718.8610000
61.0966
42.9767
40.3245
39.7935
39.7887
732.7800000
61.0966
42.9767
40.3245
39.7935
39.7887
746.8910000
61.0966
42.9767
40.3245
39.7935
39.7887
761.1950000
61.0966
42.9767
40.3245
39.7935
39.7887
775.6940000
61.0966
42.9767
40.3245
39.7935
39.7887
790.3890000
61.0966
42.9767
40.3245
39.7935
39.7887
805.2810000
61.0966
42.9767
40.3245
39.7935
39.7887
820.3730000
61.0966
42.9767
40.3245
39.7935
39.7887
835.6660000
61.0966
42.9767
40.3245
39.7935
39.7887
851.1610000
61.0966
42.9767
40.3245
39.7935
39.7887
866.8610000
61.0966
42.9767
40.3245
39.7935
39.7887
882.7660000
61.0966
42.9767
40.3245
39.7935
39.7887
898.8790000
61.0966
42.9767
40.3245
39.7935
39.7887
915.2000000
61.0966
42.9767
40.3245
39.7935
39.7887
931.7330000
61.0966
42.9767
40.3245
39.7935
39.7887
948.4770000
61.0966
42.9767
40.3245
39.7935
39.7887
965.4350000
61.0966
42.9767
40.3245
39.7935
39.7887
982.6090000
61.0966
42.9767
40.3245
39.7935
39.7887
999.0000000
61.0966
42.9767
40.3245
39.7935
39.7887
1e+10
61.0966
42.9767
40.3245
39.7935
39.7887
