8000.0000088
35
35
35
35
35
8000.0001000
35
35
35
35
35
8000.0004134
35
35
35
35
35
8000.0011314
35.0001
35.0001
35.0001
35.0001
35
8000.0024705
35.0006
35.0006
35.0006
35.0006
35
8000.0046765
35.0033
35.0033
35.0033
35.0033
35
8000.0080212
35.0126
35.0127
35.0126
35.0126
35
8000.0128000
35.0352
35.0355
35.0355
35.0352
35
8000.0193305
35.0772
35.0789
35.0785
35.0772
35.0003
8000.0279508
35.1422
35.1475
35.146
35.1422
35.0014
8000.0390184
35.2304
35.2431
35.2392
35.2304
35.005
8000.0529090
35.34
35.3648
35.3568
35.34
35.0137
8000.0700159
35.4677
35.5088
35.4952
35.4677
35.0307
8000.0907493
35.6087
35.6686
35.6483
35.6087
35.0588
8000.1155350
35.7567
35.8357
35.8085
35.7567
35.0995
8000.1448150
35.9053
36.0022
35.9685
35.9053
35.1529
8000.1790470
36.0489
36.1614
36.1221
36.0489
35.2177
8000.2187000
36.184
36.3094
36.2654
36.184
35.2917
8000.2642610
36.3089
36.4445
36.3968
36.3089
35.3725
8000.3162280
36.4235
36.5673
36.5166
36.4235
35.4575
8000.3751130
36.529
36.6791
36.6261
36.529
35.5449
8000.4414430
36.627
36.7818
36.7272
36.627
35.6329
8000.5157540
36.719
36.8777
36.8216
36.719
35.7204
8000.5985970
36.8066
36.9682
36.9111
36.8066
35.8067
8000.6905340
36.8909
37.0549
36.9969
36.8909
35.8915
8000.7921400
36.9728
37.1386
37.08
36.9728
35.9745
8000.9040000
37.0527
37.22
37.1609
37.0527
36.0557
8001.0267100
37.1309
37.2996
37.24
37.1309
36.1351
8001.1608800
37.2077
37.3775
37.3175
37.2077
36.2128
8001.3071300
37.2832
37.4539
37.3936
37.2832
36.2889
8001.4660900
37.3575
37.529
37.4683
37.3575
36.3635
8001.6384000
37.4305
37.6027
37.5418
37.4305
36.4366
8001.8247100
37.5024
37.6752
37.6141
37.5024
36.5084
8002.0256800
37.5733
37.7465
37.6853
37.5733
36.579
8002.2419900
37.6433
37.817
37.7556
37.6433
36.6487
8002.4743100
37.7126
37.8866
37.8251
37.7126
36.7175
8002.7233300
37.7813
37.9557
37.894
37.7813
36.7857
8002.9897700
37.8497
38.0243
37.9626
37.8497
36.8536
8003.2743200
37.918
38.0929
38.031
37.918
36.9213
8003.5777100
37.9864
38.1614
38.0995
37.9864
36.989
8003.9006600
38.0551
38.2302
38.1683
38.0551
37.057
8004.2439200
38.1241
38.2994
38.2374
38.1241
37.1253
8004.6082300
38.1937
38.3691
38.3071
38.1937
37.1941
8004.9943500
38.2639
38.4394
38.3773
38.2639
37.2634
8005.4030500
38.3348
38.5103
38.4482
38.3348
37.3333
8005.8350900
38.4063
38.5819
38.5198
38.4063
37.4038
8006.2912600
38.4783
38.654
38.5919
38.4783
37.4748
8006.7723500
38.5509
38.7266
38.6644
38.5509
37.5462
8007.2791600
38.6238
38.7995
38.7374
38.6238
37.6179
8007.8125000
38.6969
38.8727
38.8105
38.6969
37.6898
8008.3731800
38.77
38.9458
38.8837
38.77
37.7616
8008.9620400
38.843
39.0188
38.9566
38.843
37.8332
8009.5798900
38.9155
39.0914
39.0292
38.9155
37.9044
8010.2276000
38.9875
39.1634
39.1012
38.9875
37.9749
8010.9060000
39.0586
39.2345
39.1723
39.0586
38.0446
8011.6159000
39.1286
39.3046
39.2424
39.1286
38.1133
8012.3583000
39.1974
39.3734
39.3111
39.1974
38.1806
8013.1339000
39.2646
39.4407
39.3784
39.2646
38.2465
8013.9437000
39.3302
39.5063
39.444
39.3302
38.3107
8014.7885000
39.3939
39.57
39.5077
39.3939
38.373
8015.6693000
39.4556
39.6317
39.5694
39.4556
38.4333
8016.5869000
39.515
39.6911
39.6288
39.515
38.4915
8017.5423000
39.5721
39.7483
39.686
39.5721
38.5474
8018.5364000
39.6268
39.803
39.7406
39.6268
38.6008
8019.5700000
39.6789
39.8551
39.7928
39.6789
38.6518
8020.6442000
39.7284
39.9046
39.8423
39.7284
38.7003
8021.7599000
39.7753
39.9515
39.8892
39.7753
38.7461
8022.9180000
39.8194
39.9957
39.9333
39.8194
38.7892
8024.1194000
39.8608
40.0371
39.9748
39.8608
38.8297
8025.3652000
39.8996
40.0759
40.0135
39.8996
38.8676
8026.6563000
39.9356
40.1119
40.0496
39.9356
38.9029
8027.9936000
39.9691
40.1454
40.083
39.9691
38.9356
8029.3782000
40
40.1763
40.1139
40
38.9658
8030.8110000
40.0284
40.2047
40.1423
40.0284
38.9936
8032.2931000
40.0543
40.2307
40.1683
40.0543
39.019
8033.8254000
40.078
40.2544
40.192
40.078
39.0421
8035.4089000
40.0994
40.2758
40.2134
40.0994
39.0631
8037.0447000
40.1188
40.2952
40.2328
40.1188
39.082
8038.7338000
40.1362
40.3126
40.2502
40.1362
39.099
8040.4772000
40.1519
40.3283
40.2659
40.1519
39.1143
8042.2759000
40.1658
40.3422
40.2798
40.1658
39.1279
8044.1310000
40.1781
40.3546
40.2922
40.1781
39.14
8046.0435000
40.1891
40.3655
40.3031
40.1891
39.1507
8048.0145000
40.1987
40.3751
40.3127
40.1987
39.1601
8050.0451000
40.2071
40.3835
40.3211
40.2071
39.1683
8052.1362000
40.2144
40.3908
40.3284
40.2144
39.1755
8054.2891000
40.2208
40.3972
40.3348
40.2208
39.1817
8056.5047000
40.2262
40.4027
40.3403
40.2262
39.1871
8058.7841000
40.2309
40.4074
40.345
40.2309
39.1917
8061.1285000
40.2349
40.4114
40.349
40.2349
39.1956
8063.5389000
40.2383
40.4148
40.3524
40.2383
39.1989
8066.0165000
40.2412
40.4177
40.3553
40.2412
39.2017
8068.5623000
40.2436
40.4201
40.3577
40.2436
39.2041
8071.1775000
40.2456
40.4221
40.3597
40.2457
39.2061
8073.8631000
40.2473
40.4238
40.3614
40.2473
39.2077
8076.6204000
40.2487
40.4252
40.3628
40.2487
39.2091
8079.4504000
40.2499
40.4263
40.3639
40.2499
39.2102
8082.3543000
40.2508
40.4273
40.3649
40.2508
39.2111
8085.3332000
40.2516
40.428
40.3656
40.2516
39.2118
8088.3884000
40.2522
40.4286
40.3662
40.2522
39.2125
8091.5208000
40.2527
40.4291
40.3667
40.2527
39.2129
8094.7318000
40.2531
40.4295
40.3671
40.2531
39.2133
8098.0224000
40.2534
40.4299
40.3675
40.2534
39.2136
8101.3940000
40.2537
40.4301
40.3677
40.2537
39.2139
8104.8470000
40.2539
40.4303
40.3679
40.2539
39.2141
8108.3840000
40.254
40.4305
40.3681
40.254
39.2142
8112.0050000
40.2541
40.4306
40.3682
40.2541
39.2144
8115.7120000
40.2542
40.4307
40.3683
40.2542
39.2145
8119.5050000
40.2543
40.4308
40.3684
40.2543
39.2145
8123.3870000
40.2544
40.4308
40.3684
40.2544
39.2146
8127.3580000
40.2544
40.4309
40.3685
40.2544
39.2146
8131.4190000
40.2544
40.4309
40.3685
40.2544
39.2147
8135.5720000
40.2545
40.4309
40.3685
40.2545
39.2147
8139.8180000
40.2545
40.4309
40.3685
40.2545
39.2147
8144.1580000
40.2545
40.4309
40.3685
40.2545
39.2147
8148.5930000
40.2545
40.431
40.3685
40.2545
39.2147
8153.1250000
40.2545
40.431
40.3686
40.2545
39.2147
8157.7550000
40.2545
40.431
40.3686
40.2545
39.2147
8162.4840000
40.2545
40.431
40.3686
40.2545
39.2147
8167.3130000
40.2545
40.431
40.3686
40.2545
39.2147
8172.2440000
40.2545
40.431
40.3686
40.2545
39.2147
8177.2780000
40.2545
40.431
40.3686
40.2545
39.2147
8182.4160000
40.2545
40.431
40.3686
40.2545
39.2147
8187.6600000
40.2545
40.431
40.3686
40.2545
39.2147
8193.0100000
40.2545
40.431
40.3686
40.2545
39.2147
8198.4690000
40.2545
40.431
40.3686
40.2545
39.2147
8204.0370000
40.2545
40.431
40.3686
40.2545
39.2147
8209.7150000
40.2545
40.431
40.3686
40.2545
39.2147
8215.5060000
40.2545
40.431
40.3686
40.2545
39.2147
8221.4100000
40.2545
40.431
40.3686
40.2545
39.2147
8227.4280000
40.2545
40.431
40.3686
40.2545
39.2147
8233.5630000
40.2545
40.431
40.3686
40.2545
39.2147
8239.8150000
40.2545
40.431
40.3686
40.2545
39.2147
8246.1850000
40.2545
40.431
40.3686
40.2545
39.2147
8252.6760000
40.2545
40.431
40.3686
40.2545
39.2147
8259.2870000
40.2545
40.431
40.3686
40.2545
39.2147
8266.0220000
40.2545
40.431
40.3686
40.2545
39.2147
8272.8800000
40.2545
40.431
40.3686
40.2545
39.2147
8279.8640000
40.2545
40.431
40.3686
40.2545
39.2147
8286.9740000
40.2545
40.431
40.3686
40.2545
39.2147
8294.2130000
40.2545
40.431
40.3686
40.2545
39.2147
8301.5810000
40.2545
40.431
40.3686
40.2545
39.2147
8309.0800000
40.2545
40.431
40.3686
40.2545
39.2147
8316.7110000
40.2545
40.431
40.3686
40.2545
39.2147
8324.4760000
40.2545
40.431
40.3686
40.2545
39.2147
8332.3760000
40.2545
40.431
40.3686
40.2545
39.2147
8340.4130000
40.2545
40.431
40.3686
40.2545
39.2147
8348.5870000
40.2545
40.431
40.3686
40.2545
39.2147
8356.9000000
40.2545
40.431
40.3686
40.2545
39.2147
8365.3540000
40.2545
40.431
40.3686
40.2545
39.2147
8373.9510000
40.2545
40.431
40.3686
40.2545
39.2147
8382.6900000
40.2545
40.431
40.3686
40.2545
39.2147
8391.5750000
40.2545
40.431
40.3686
40.2545
39.2147
8400.6060000
40.2545
40.431
40.3686
40.2545
39.2147
8409.7850000
40.2545
40.431
40.3686
40.2545
39.2147
8419.1130000
40.2545
40.431
40.3686
40.2545
39.2147
8428.5920000
40.2545
40.431
40.3686
40.2545
39.2147
8438.2230000
40.2545
40.431
40.3686
40.2545
39.2147
8448.0070000
40.2545
40.431
40.3686
40.2545
39.2147
8457.9470000
40.2545
40.431
40.3686
40.2545
39.2147
8468.0430000
40.2545
40.431
40.3686
40.2545
39.2147
8478.2970000
40.2545
40.431
40.3686
40.2545
39.2147
8488.7100000
40.2545
40.431
40.3686
40.2545
39.2147
8499.2850000
40.2545
40.431
40.3686
40.2545
39.2147
8510.0220000
40.2545
40.431
40.3686
40.2545
39.2147
8520.9230000
40.2545
40.431
40.3686
40.2545
39.2147
8531.9890000
40.2545
40.431
40.3686
40.2545
39.2147
8543.2220000
40.2545
40.431
40.3686
40.2545
39.2147
8554.6240000
40.2545
40.431
40.3686
40.2545
39.2147
8566.1950000
40.2545
40.431
40.3686
40.2545
39.2147
8577.9380000
40.2545
40.431
40.3686
40.2545
39.2147
8589.8540000
40.2545
40.431
40.3686
40.2545
39.2147
8601.9440000
40.2545
40.431
40.3686
40.2545
39.2147
8614.2110000
40.2545
40.431
40.3686
40.2545
39.2147
8626.6550000
40.2545
40.431
40.3686
40.2545
39.2147
8639.2770000
40.2545
40.431
40.3686
40.2545
39.2147
8652.0810000
40.2545
40.431
40.3686
40.2545
39.2147
8665.0660000
40.2545
40.431
40.3686
40.2545
39.2147
8678.2360000
40.2545
40.431
40.3686
40.2545
39.2147
8691.5900000
40.2545
40.431
40.3686
40.2545
39.2147
8705.1310000
40.2545
40.431
40.3686
40.2545
39.2147
8718.8610000
40.2545
40.431
40.3686
40.2545
39.2147
8732.7800000
40.2545
40.431
40.3686
40.2545
39.2147
8746.8910000
40.2545
40.431
40.3686
40.2545
39.2147
8761.1950000
40.2545
40.431
40.3686
40.2545
39.2147
8775.6940000
40.2545
40.431
40.3686
40.2545
39.2147
8790.3890000
40.2545
40.431
40.3686
40.2545
39.2147
8805.2810000
40.2545
40.431
40.3686
40.2545
39.2147
8820.3730000
40.2545
40.431
40.3686
40.2545
39.2147
8835.6660000
40.2545
40.431
40.3686
40.2545
39.2147
8851.1610000
40.2545
40.431
40.3686
40.2545
39.2147
8866.8610000
40.2545
40.431
40.3686
40.2545
39.2147
8882.7660000
40.2545
40.431
40.3686
40.2545
39.2147
8898.8790000
40.2545
40.431
40.3686
40.2545
39.2147
8915.2000000
40.2545
40.431
40.3686
40.2545
39.2147
8931.7330000
40.2545
40.431
40.3686
40.2545
39.2147
8948.4770000
40.2545
40.431
40.3686
40.2545
39.2147
8965.4350000
40.2545
40.431
40.3686
40.2545
39.2147
8982.6090000
40.2545
40.431
40.3686
40.2545
39.2147
8999.0000000
40.2545
40.431
40.3686
40.2545
39.2147
1e+10
40.2545
40.431
40.3686
40.2545
39.2147

