2000.0000088
35
35.1078
35
35
35
2000.0001000
35.0023
35.7782
35
35
35
2000.0004134
35.0192
36.994
35.0002
35
35
2000.0011314
35.0823
38.5979
35.0022
35.0001
35
2000.0024705
35.2488
40.5208
35.0127
35.0007
35
2000.0046765
35.5938
42.7129
35.0506
35.0042
35
2000.0080212
36.1641
45.0307
35.1462
35.0178
35
2000.0128000
36.9304
47.2421
35.3271
35.0539
35
2000.0193305
37.7966
49.1475
35.5986
35.1271
35.0001
2000.0279508
38.6555
50.6646
35.9394
35.2466
35.0004
2000.0390184
39.435
51.8186
36.3155
35.4124
35.0018
2000.0529090
40.1073
52.6872
36.6958
35.6159
35.0056
2000.0700159
40.6734
53.3509
37.0595
35.8432
35.014
2000.0907493
41.1452
53.8709
37.3948
36.079
35.0295
2000.1155350
41.5368
54.2875
37.696
36.31
35.0543
2000.1448150
41.8609
54.626
37.9612
36.5267
35.0894
2000.1790470
42.1291
54.9035
38.1915
36.7236
35.1352
2000.2187000
42.3518
55.1327
38.3899
36.8989
35.1905
2000.2642610
42.5384
55.3241
38.5607
37.0537
35.2538
2000.3162280
42.6969
55.4863
38.7089
37.1906
35.3231
2000.3751130
42.8344
55.6264
38.8392
37.3127
35.3965
2000.4414430
42.9562
55.7502
38.9559
37.4234
35.4724
2000.5157540
43.0667
55.8621
39.0624
37.5253
35.5495
2000.5985970
43.169
55.9652
39.1614
37.6209
35.6268
2000.6905340
43.2652
56.062
39.255
37.7117
35.7038
2000.7921400
43.3569
56.1541
39.3444
37.7989
35.7801
2000.9040000
43.445
56.2425
39.4306
37.8833
35.8556
2001.0267100
43.5302
56.3279
39.5142
37.9654
35.93
2001.1608800
43.6129
56.4107
39.5954
38.0454
36.0035
2001.3071300
43.6934
56.4913
39.6748
38.1237
36.076
2001.4660900
43.7719
56.5698
39.7522
38.2003
36.1474
2001.6384000
43.8486
56.6466
39.8281
38.2753
36.2178
2001.8247100
43.9237
56.7217
39.9024
38.349
36.2872
2002.0256800
43.9973
56.7954
39.9754
38.4214
36.3557
2002.2419900
44.0697
56.8678
40.0472
38.4928
36.4235
2002.4743100
44.1412
56.9393
40.1181
38.5632
36.4907
2002.7233300
44.2118
57.0099
40.1883
38.633
36.5574
2002.9897700
44.282
57.08
40.2579
38.7024
36.6238
2003.2743200
44.3518
57.1498
40.3274
38.7716
36.6902
2003.5777100
44.4216
57.2195
40.3968
38.8407
36.7568
2003.9006600
44.4916
57.2894
40.4663
38.9101
36.8236
2004.2439200
44.5618
57.3595
40.5362
38.9798
36.8909
2004.6082300
44.6325
57.4301
40.6065
39.0499
36.9587
2004.9943500
44.7036
57.5011
40.6774
39.1206
37.0272
2005.4030500
44.7753
57.5728
40.7488
39.192
37.0963
2005.8350900
44.8476
57.645
40.8208
39.2639
37.1661
2006.2912600
44.9204
57.7177
40.8934
39.3363
37.2365
2006.7723500
44.9935
57.7907
40.9663
39.4092
37.3073
2007.2791600
45.067
57.8641
41.0396
39.4824
37.3785
2007.8125000
45.1406
57.9377
41.113
39.5557
37.4499
2008.3731800
45.2141
58.0112
41.1864
39.6291
37.5214
2008.9620400
45.2875
58.0845
41.2596
39.7023
37.5927
2009.5798900
45.3604
58.1574
41.3325
39.775
37.6636
2010.2276000
45.4327
58.2296
41.4046
39.8472
37.734
2010.9060000
45.5039
58.3009
41.4759
39.9183
37.8034
2011.6159000
45.5742
58.3711
41.546
39.9885
37.8719
2012.3583000
45.6431
58.44
41.6149
40.0573
37.9391
2013.1339000
45.7105
58.5074
41.6823
40.1246
38.0048
2013.9437000
45.7762
58.5731
41.7479
40.1903
38.0689
2014.7885000
45.84
58.6369
41.8117
40.254
38.1312
2015.6693000
45.9017
58.6986
41.8734
40.3157
38.1915
2016.5869000
45.9612
58.7581
41.9329
40.3752
38.2496
2017.5423000
46.0183
58.8153
41.9901
40.4323
38.3054
2018.5364000
46.0731
58.8701
42.0448
40.487
38.3589
2019.5700000
46.1252
58.9223
42.097
40.5392
38.4099
2020.6442000
46.1748
58.9718
42.1465
40.5887
38.4583
2021.7599000
46.2216
59.0187
42.1934
40.6356
38.5041
2022.9180000
46.2658
59.0629
42.2375
40.6797
38.5472
2024.1194000
46.3073
59.1043
42.279
40.7212
38.5877
2025.3652000
46.346
59.1431
42.3178
40.7599
38.6256
2026.6563000
46.3821
59.1792
42.3539
40.796
38.6609
2027.9936000
46.4156
59.2127
42.3873
40.8295
38.6936
2029.3782000
46.4465
59.2436
42.4182
40.8604
38.7238
2030.8110000
46.4749
59.272
42.4466
40.8888
38.7516
2032.2931000
46.5009
59.298
42.4726
40.9147
38.777
2033.8254000
46.5245
59.3217
42.4963
40.9384
38.8001
2035.4089000
46.5459
59.3431
42.5177
40.9598
38.821
2037.0447000
46.5653
59.3625
42.5371
40.9792
38.84
2038.7338000
46.5828
59.3799
42.5546
40.9967
38.857
2040.4772000
46.5984
59.3956
42.5702
41.0123
38.8723
2042.2759000
46.6123
59.4095
42.5841
41.0262
38.886
2044.1310000
46.6247
59.4219
42.5965
41.0386
38.898
2046.0435000
46.6356
59.4328
42.6074
41.0495
38.9087
2048.0145000
46.6453
59.4425
42.6171
41.0591
38.9181
2050.0451000
46.6537
59.4509
42.6255
41.0676
38.9264
2052.1362000
46.661
59.4582
42.6328
41.0749
38.9335
2054.2891000
46.6673
59.4646
42.6392
41.0812
38.9397
2056.5047000
46.6728
59.47
42.6446
41.0867
38.9451
2058.7841000
46.6775
59.4747
42.6493
41.0914
38.9497
2061.1285000
46.6815
59.4788
42.6533
41.0954
38.9536
2063.5389000
46.6849
59.4822
42.6567
41.0988
38.9569
2066.0165000
46.6878
59.485
42.6596
41.1017
38.9598
2068.5623000
46.6902
59.4875
42.662
41.1041
38.9621
2071.1775000
46.6922
59.4895
42.6641
41.1061
38.9641
2073.8631000
46.6939
59.4912
42.6657
41.1078
38.9657
2076.6204000
46.6953
59.4925
42.6671
41.1092
38.9671
2079.4504000
46.6965
59.4937
42.6683
41.1103
38.9682
2082.3543000
46.6974
59.4946
42.6692
41.1113
38.9691
2085.3332000
46.6982
59.4954
42.67
41.112
38.9699
2088.3884000
46.6988
59.496
42.6706
41.1127
38.9705
2091.5208000
46.6993
59.4965
42.6711
41.1132
38.971
2094.7318000
46.6997
59.4969
42.6715
41.1136
38.9714
2098.0224000
46.7
59.4972
42.6718
41.1139
38.9717
2101.3940000
46.7003
59.4975
42.6721
41.1141
38.9719
2104.8470000
46.7005
59.4977
42.6723
41.1143
38.9721
2108.3840000
46.7006
59.4978
42.6724
41.1145
38.9723
2112.0050000
46.7007
59.498
42.6726
41.1146
38.9724
2115.7120000
46.7008
59.4981
42.6726
41.1147
38.9725
2119.5050000
46.7009
59.4981
42.6727
41.1148
38.9726
2123.3870000
46.701
59.4982
42.6728
41.1148
38.9726
2127.3580000
46.701
59.4982
42.6728
41.1149
38.9727
2131.4190000
46.701
59.4983
42.6729
41.1149
38.9727
2135.5720000
46.701
59.4983
42.6729
41.1149
38.9727
2139.8180000
46.7011
59.4983
42.6729
41.1149
38.9727
2144.1580000
46.7011
59.4983
42.6729
41.115
38.9728
2148.5930000
46.7011
59.4983
42.6729
41.115
38.9728
2153.1250000
46.7011
59.4983
42.6729
41.115
38.9728
2157.7550000
46.7011
59.4983
42.6729
41.115
38.9728
2162.4840000
46.7011
59.4984
42.6729
41.115
38.9728
2167.3130000
46.7011
59.4984
42.6729
41.115
38.9728
2172.2440000
46.7011
59.4984
42.6729
41.115
38.9728
2177.2780000
46.7011
59.4984
42.6729
41.115
38.9728
2182.4160000
46.7011
59.4984
42.6729
41.115
38.9728
2187.6600000
46.7011
59.4984
42.6729
41.115
38.9728
2193.0100000
46.7011
59.4984
42.6729
41.115
38.9728
2198.4690000
46.7011
59.4984
42.6729
41.115
38.9728
2204.0370000
46.7011
59.4984
42.6729
41.115
38.9728
2209.7150000
46.7011
59.4984
42.6729
41.115
38.9728
2215.5060000
46.7011
59.4984
42.6729
41.115
38.9728
2221.4100000
46.7011
59.4984
42.6729
41.115
38.9728
2227.4280000
46.7011
59.4984
42.6729
41.115
38.9728
2233.5630000
46.7011
59.4984
42.6729
41.115
38.9728
2239.8150000
46.7011
59.4984
42.673
41.115
38.9728
2246.1850000
46.7011
59.4984
42.673
41.115
38.9728
2252.6760000
46.7011
59.4984
42.673
41.115
38.9728
2259.2870000
46.7011
59.4984
42.673
41.115
38.9728
2266.0220000
46.7011
59.4984
42.673
41.115
38.9728
2272.8800000
46.7011
59.4984
42.673
41.115
38.9728
2279.8640000
46.7011
59.4984
42.673
41.115
38.9728
2286.9740000
46.7011
59.4984
42.673
41.115
38.9728
2294.2130000
46.7011
59.4984
42.673
41.115
38.9728
2301.5810000
46.7011
59.4984
42.673
41.115
38.9728
2309.0800000
46.7011
59.4984
42.673
41.115
38.9728
2316.7110000
46.7011
59.4984
42.673
41.115
38.9728
2324.4760000
46.7011
59.4984
42.673
41.115
38.9728
2332.3760000
46.7011
59.4984
42.673
41.115
38.9728
2340.4130000
46.7011
59.4984
42.673
41.115
38.9728
2348.5870000
46.7011
59.4984
42.673
41.115
38.9728
2356.9000000
46.7011
59.4984
42.673
41.115
38.9728
2365.3540000
46.7011
59.4984
42.673
41.115
38.9728
2373.9510000
46.7011
59.4984
42.673
41.115
38.9728
2382.6900000
46.7011
59.4984
42.673
41.115
38.9728
2391.5750000
46.7011
59.4984
42.673
41.115
38.9728
2400.6060000
46.7011
59.4984
42.673
41.115
38.9728
2409.7850000
46.7011
59.4984
42.673
41.115
38.9728
2419.1130000
46.7011
59.4984
42.673
41.115
38.9728
2428.5920000
46.7011
59.4984
42.673
41.115
38.9728
2438.2230000
46.7011
59.4984
42.673
41.115
38.9728
2448.0070000
46.7011
59.4984
42.673
41.115
38.9728
2457.9470000
46.7011
59.4984
42.673
41.115
38.9728
2468.0430000
46.7011
59.4984
42.673
41.115
38.9728
2478.2970000
46.7011
59.4984
42.673
41.115
38.9728
2488.7100000
46.7011
59.4984
42.673
41.115
38.9728
2499.2850000
46.7011
59.4984
42.673
41.115
38.9728
2510.0220000
46.7011
59.4984
42.673
41.115
38.9728
2520.9230000
46.7011
59.4984
42.673
41.115
38.9728
2531.9890000
46.7011
59.4984
42.673
41.115
38.9728
2543.2220000
46.7011
59.4984
42.673
41.115
38.9728
2554.6240000
46.7011
59.4984
42.673
41.115
38.9728
2566.1950000
46.7011
59.4984
42.673
41.115
38.9728
2577.9380000
46.7011
59.4984
42.673
41.115
38.9728
2589.8540000
46.7011
59.4984
42.673
41.115
38.9728
2601.9440000
46.7011
59.4984
42.673
41.115
38.9728
2614.2110000
46.7011
59.4984
42.673
41.115
38.9728
2626.6550000
46.7011
59.4984
42.673
41.115
38.9728
2639.2770000
46.7011
59.4984
42.673
41.115
38.9728
2652.0810000
46.7011
59.4984
42.673
41.115
38.9728
2665.0660000
46.7011
59.4984
42.673
41.115
38.9728
2678.2360000
46.7011
59.4984
42.673
41.115
38.9728
2691.5900000
46.7011
59.4984
42.673
41.115
38.9728
2705.1310000
46.7011
59.4984
42.673
41.115
38.9728
2718.8610000
46.7011
59.4984
42.673
41.115
38.9728
2732.7800000
46.7011
59.4984
42.673
41.115
38.9728
2746.8910000
46.7011
59.4984
42.673
41.115
38.9728
2761.1950000
46.7011
59.4984
42.673
41.115
38.9728
2775.6940000
46.7011
59.4984
42.673
41.115
38.9728
2790.3890000
46.7011
59.4984
42.673
41.115
38.9728
2805.2810000
46.7011
59.4984
42.673
41.115
38.9728
2820.3730000
46.7011
59.4984
42.673
41.115
38.9728
2835.6660000
46.7011
59.4984
42.673
41.115
38.9728
2851.1610000
46.7011
59.4984
42.673
41.115
38.9728
2866.8610000
46.7011
59.4984
42.673
41.115
38.9728
2882.7660000
46.7011
59.4984
42.673
41.115
38.9728
2898.8790000
46.7011
59.4984
42.673
41.115
38.9728
2915.2000000
46.7011
59.4984
42.673
41.115
38.9728
2931.7330000
46.7011
59.4984
42.673
41.115
38.9728
2948.4770000
46.7011
59.4984
42.673
41.115
38.9728
2965.4350000
46.7011
59.4984
42.673
41.115
38.9728
2982.6090000
46.7011
59.4984
42.673
41.115
38.9728
2999.0000000
46.7011
59.4984
42.673
41.115
38.9728
1e+10
46.7011
59.4984
42.673
41.115
38.9728

