6000.0000088
35
35
35
35.1078
35
6000.0001000
35
35
35.0023
35.7782
35
6000.0004134
35
35
35.0192
36.9942
35
6000.0011314
35
35.0001
35.0823
38.6001
35
6000.0024705
35
35.0007
35.2494
40.5335
35
6000.0046765
35
35.0043
35.5976
42.7628
35
6000.0080212
35.0003
35.018
36.1792
45.1729
35
6000.0128000
35.0014
35.055
36.9725
47.5514
35
6000.0193305
35.0057
35.1307
37.8858
49.6902
35
6000.0279508
35.0177
35.2558
38.8076
51.4684
35.0003
6000.0390184
35.0439
35.4315
39.6548
52.8653
35.0014
6000.0529090
35.0909
35.6484
40.3879
53.9282
35.0047
6000.0700159
35.1626
35.8908
41.0012
54.7295
35.0122
6000.0907493
35.2582
36.1415
41.506
55.3383
35.0263
6000.1155350
35.3722
36.3853
41.9187
55.8081
35.0494
6000.1448150
35.4967
36.612
42.2558
56.1767
35.0828
6000.1790470
35.624
36.8161
42.5316
56.4702
35.1267
6000.2187000
35.7482
36.9965
42.7586
56.7076
35.1801
6000.2642610
35.8657
37.1547
42.9476
56.9028
35.2417
6000.3162280
35.9754
37.2938
43.1077
57.0668
35.3094
6000.3751130
36.0774
37.4176
43.2461
57.208
35.3814
6000.4414430
36.173
37.5295
43.3687
57.3326
35.456
6000.5157540
36.2633
37.6324
43.4799
57.4453
35.5321
6000.5985970
36.3496
37.7288
43.5827
57.5495
35.6086
6000.6905340
36.433
37.8203
43.6795
57.6474
35.6849
6000.7921400
36.5142
37.908
43.7716
57.7406
35.7608
6000.9040000
36.5935
37.9929
43.8601
57.83
35.8359
6001.0267100
36.6714
38.0754
43.9457
57.9163
35.9101
6001.1608800
36.7479
38.1558
44.0287
58
35.9833
6001.3071300
36.8231
38.2344
44.1095
58.0813
36.0556
6001.4660900
36.8972
38.3112
44.1882
58.1605
36.1268
6001.6384000
36.97
38.3865
44.2651
58.2378
36.197
6001.8247100
37.0418
38.4604
44.3404
58.3134
36.2664
6002.0256800
37.1126
38.533
44.4142
58.3875
36.3348
6002.2419900
37.1825
38.6045
44.4868
58.4604
36.4025
6002.4743100
37.2517
38.6751
44.5584
58.5323
36.4697
6002.7233300
37.3204
38.745
44.6292
58.6033
36.5364
6002.9897700
37.3888
38.8145
44.6995
58.6739
36.6029
6003.2743200
37.4571
38.8838
44.7695
58.7441
36.6693
6003.5777100
37.5255
38.9531
44.8394
58.8143
36.7359
6003.9006600
37.5941
39.0225
44.9095
58.8845
36.8028
6004.2439200
37.6632
39.0923
44.9799
58.9551
36.8702
6004.6082300
37.7328
39.1626
45.0507
59.0261
36.9381
6004.9943500
37.8031
39.2334
45.122
59.0976
37.0067
6005.4030500
37.8739
39.3048
45.1938
59.1696
37.0759
6005.8350900
37.9455
39.3768
45.2662
59.2422
37.1458
6006.2912600
38.0175
39.4493
45.3391
59.3152
37.2162
6006.7723500
38.0901
39.5222
45.4123
59.3886
37.2871
6007.2791600
38.163
39.5954
45.4858
59.4622
37.3584
6007.8125000
38.2362
39.6689
45.5595
59.5359
37.4298
6008.3731800
38.3093
39.7423
45.6331
59.6096
37.5013
6008.9620400
38.3823
39.8155
45.7065
59.6831
37.5727
6009.5798900
38.4549
39.8882
45.7794
59.7561
37.6436
6010.2276000
38.5268
39.9603
45.8516
59.8283
37.7139
6010.9060000
38.5979
40.0315
45.923
59.8997
37.7834
6011.6159000
38.668
40.1017
45.9933
59.97
37.8519
6012.3583000
38.7367
40.1706
46.0622
60.039
37.9192
6013.1339000
38.8039
40.2379
46.1295
60.1063
37.9848
6013.9437000
38.8695
40.3035
46.1952
60.172
38.0489
6014.7885000
38.9331
40.3672
46.259
60.2358
38.1112
6015.6693000
38.9948
40.429
46.3207
60.2975
38.1714
6016.5869000
39.0542
40.4884
46.3802
60.357
38.2295
6017.5423000
39.1113
40.5455
46.4373
60.4141
38.2853
6018.5364000
39.1659
40.6002
46.492
60.4688
38.3387
6019.5700000
39.218
40.6524
46.5442
60.521
38.3897
6020.6442000
39.2675
40.7019
46.5937
60.5705
38.4381
6021.7599000
39.3144
40.7488
46.6406
60.6173
38.4839
6022.9180000
39.3585
40.7929
46.6847
60.6615
38.527
6024.1194000
39.3999
40.8344
46.7262
60.7029
38.5675
6025.3652000
39.4386
40.8731
46.7649
60.7417
38.6054
6026.6563000
39.4747
40.9092
46.801
60.7777
38.6406
6027.9936000
39.5081
40.9426
46.8345
60.8112
38.6733
6029.3782000
39.539
40.9735
46.8653
60.8421
38.7035
6030.8110000
39.5674
41.0019
46.8937
60.8705
38.7313
6032.2931000
39.5933
41.0279
46.9197
60.8964
38.7566
6033.8254000
39.617
41.0516
46.9434
60.9201
38.7798
6035.4089000
39.6384
41.073
46.9648
60.9415
38.8007
6037.0447000
39.6578
41.0924
46.9842
60.9609
38.8196
6038.7338000
39.6752
41.1098
47.0016
60.9783
38.8367
6040.4772000
39.6908
41.1254
47.0172
60.9939
38.852
6042.2759000
39.7048
41.1394
47.0312
61.0079
38.8656
6044.1310000
39.7171
41.1517
47.0436
61.0202
38.8777
6046.0435000
39.728
41.1627
47.0545
61.0311
38.8883
6048.0145000
39.7377
41.1723
47.0641
61.0408
38.8977
6050.0451000
39.7461
41.1807
47.0725
61.0492
38.906
6052.1362000
39.7534
41.188
47.0798
61.0565
38.9131
6054.2891000
39.7597
41.1944
47.0862
61.0628
38.9193
6056.5047000
39.7652
41.1998
47.0917
61.0683
38.9247
6058.7841000
39.7699
41.2045
47.0964
61.073
38.9293
6061.1285000
39.7739
41.2086
47.1004
61.077
38.9332
6063.5389000
39.7773
41.212
47.1038
61.0804
38.9365
6066.0165000
39.7802
41.2148
47.1066
61.0833
38.9393
6068.5623000
39.7826
41.2173
47.1091
61.0857
38.9417
6071.1775000
39.7846
41.2193
47.1111
61.0877
38.9437
6073.8631000
39.7863
41.221
47.1128
61.0894
38.9453
6076.6204000
39.7877
41.2223
47.1141
61.0908
38.9467
6079.4504000
39.7888
41.2235
47.1153
61.0919
38.9478
6082.3543000
39.7898
41.2244
47.1162
61.0929
38.9487
6085.3332000
39.7905
41.2252
47.117
61.0936
38.9495
6088.3884000
39.7911
41.2258
47.1176
61.0943
38.9501
6091.5208000
39.7916
41.2263
47.1181
61.0948
38.9506
6094.7318000
39.792
41.2267
47.1185
61.0952
38.951
6098.0224000
39.7924
41.227
47.1188
61.0955
38.9513
6101.3940000
39.7926
41.2273
47.1191
61.0957
38.9515
6104.8470000
39.7928
41.2275
47.1193
61.0959
38.9517
6108.3840000
39.793
41.2276
47.1194
61.0961
38.9519
6112.0050000
39.7931
41.2278
47.1196
61.0962
38.952
6115.7120000
39.7932
41.2279
47.1197
61.0963
38.9521
6119.5050000
39.7933
41.2279
47.1197
61.0964
38.9522
6123.3870000
39.7933
41.228
47.1198
61.0964
38.9522
6127.3580000
39.7934
41.228
47.1198
61.0965
38.9523
6131.4190000
39.7934
41.2281
47.1199
61.0965
38.9523
6135.5720000
39.7934
41.2281
47.1199
61.0965
38.9523
6139.8180000
39.7934
41.2281
47.1199
61.0965
38.9523
6144.1580000
39.7934
41.2281
47.1199
61.0966
38.9523
6148.5930000
39.7935
41.2281
47.1199
61.0966
38.9523
6153.1250000
39.7935
41.2281
47.1199
61.0966
38.9524
6157.7550000
39.7935
41.2281
47.1199
61.0966
38.9524
6162.4840000
39.7935
41.2281
47.1199
61.0966
38.9524
6167.3130000
39.7935
41.2281
47.1199
61.0966
38.9524
6172.2440000
39.7935
41.2281
47.1199
61.0966
38.9524
6177.2780000
39.7935
41.2281
47.1199
61.0966
38.9524
6182.4160000
39.7935
41.2282
47.1199
61.0966
38.9524
6187.6600000
39.7935
41.2282
47.12
61.0966
38.9524
6193.0100000
39.7935
41.2282
47.12
61.0966
38.9524
6198.4690000
39.7935
41.2282
47.12
61.0966
38.9524
6204.0370000
39.7935
41.2282
47.12
61.0966
38.9524
6209.7150000
39.7935
41.2282
47.12
61.0966
38.9524
6215.5060000
39.7935
41.2282
47.12
61.0966
38.9524
6221.4100000
39.7935
41.2282
47.12
61.0966
38.9524
6227.4280000
39.7935
41.2282
47.12
61.0966
38.9524
6233.5630000
39.7935
41.2282
47.12
61.0966
38.9524
6239.8150000
39.7935
41.2282
47.12
61.0966
38.9524
6246.1850000
39.7935
41.2282
47.12
61.0966
38.9524
6252.6760000
39.7935
41.2282
47.12
61.0966
38.9524
6259.2870000
39.7935
41.2282
47.12
61.0966
38.9524
6266.0220000
39.7935
41.2282
47.12
61.0966
38.9524
6272.8800000
39.7935
41.2282
47.12
61.0966
38.9524
6279.8640000
39.7935
41.2282
47.12
61.0966
38.9524
6286.9740000
39.7935
41.2282
47.12
61.0966
38.9524
6294.2130000
39.7935
41.2282
47.12
61.0966
38.9524
6301.5810000
39.7935
41.2282
47.12
61.0966
38.9524
6309.0800000
39.7935
41.2282
47.12
61.0966
38.9524
6316.7110000
39.7935
41.2282
47.12
61.0966
38.9524
6324.4760000
39.7935
41.2282
47.12
61.0966
38.9524
6332.3760000
39.7935
41.2282
47.12
61.0966
38.9524
6340.4130000
39.7935
41.2282
47.12
61.0966
38.9524
6348.5870000
39.7935
41.2282
47.12
61.0966
38.9524
6356.9000000
39.7935
41.2282
47.12
61.0966
38.9524
6365.3540000
39.7935
41.2282
47.12
61.0966
38.9524
6373.9510000
39.7935
41.2282
47.12
61.0966
38.9524
6382.6900000
39.7935
41.2282
47.12
61.0966
38.9524
6391.5750000
39.7935
41.2282
47.12
61.0966
38.9524
6400.6060000
39.7935
41.2282
47.12
61.0966
38.9524
6409.7850000
39.7935
41.2282
47.12
61.0966
38.9524
6419.1130000
39.7935
41.2282
47.12
61.0966
38.9524
6428.5920000
39.7935
41.2282
47.12
61.0966
38.9524
6438.2230000
39.7935
41.2282
47.12
61.0966
38.9524
6448.0070000
39.7935
41.2282
47.12
61.0966
38.9524
6457.9470000
39.7935
41.2282
47.12
61.0966
38.9524
6468.0430000
39.7935
41.2282
47.12
61.0966
38.9524
6478.2970000
39.7935
41.2282
47.12
61.0966
38.9524
6488.7100000
39.7935
41.2282
47.12
61.0966
38.9524
6499.2850000
39.7935
41.2282
47.12
61.0966
38.9524
6510.0220000
39.7935
41.2282
47.12
61.0966
38.9524
6520.9230000
39.7935
41.2282
47.12
61.0966
38.9524
6531.9890000
39.7935
41.2282
47.12
61.0966
38.9524
6543.2220000
39.7935
41.2282
47.12
61.0966
38.9524
6554.6240000
39.7935
41.2282
47.12
61.0966
38.9524
6566.1950000
39.7935
41.2282
47.12
61.0966
38.9524
6577.9380000
39.7935
41.2282
47.12
61.0966
38.9524
6589.8540000
39.7935
41.2282
47.12
61.0966
38.9524
6601.9440000
39.7935
41.2282
47.12
61.0966
38.9524
6614.2110000
39.7935
41.2282
47.12
61.0966
38.9524
6626.6550000
39.7935
41.2282
47.12
61.0966
38.9524
6639.2770000
39.7935
41.2282
47.12
61.0966
38.9524
6652.0810000
39.7935
41.2282
47.12
61.0966
38.9524
6665.0660000
39.7935
41.2282
47.12
61.0966
38.9524
6678.2360000
39.7935
41.2282
47.12
61.0966
38.9524
6691.5900000
39.7935
41.2282
47.12
61.0966
38.9524
6705.1310000
39.7935
41.2282
47.12
61.0966
38.9524
6718.8610000
39.7935
41.2282
47.12
61.0966
38.9524
6732.7800000
39.7935
41.2282
47.12
61.0966
38.9524
6746.8910000
39.7935
41.2282
47.12
61.0966
38.9524
6761.1950000
39.7935
41.2282
47.12
61.0966
38.9524
6775.6940000
39.7935
41.2282
47.12
61.0966
38.9524
6790.3890000
39.7935
41.2282
47.12
61.0966
38.9524
6805.2810000
39.7935
41.2282
47.12
61.0966
38.9524
6820.3730000
39.7935
41.2282
47.12
61.0966
38.9524
6835.6660000
39.7935
41.2282
47.12
61.0966
38.9524
6851.1610000
39.7935
41.2282
47.12
61.0966
38.9524
6866.8610000
39.7935
41.2282
47.12
61.0966
38.9524
6882.7660000
39.7935
41.2282
47.12
61.0966
38.9524
6898.8790000
39.7935
41.2282
47.12
61.0966
38.9524
6915.2000000
39.7935
41.2282
47.12
61.0966
38.9524
6931.7330000
39.7935
41.2282
47.12
61.0966
38.9524
6948.4770000
39.7935
41.2282
47.12
61.0966
38.9524
6965.4350000
39.7935
41.2282
47.12
61.0966
38.9524
6982.6090000
39.7935
41.2282
47.12
61.0966
38.9524
6999.0000000
39.7935
41.2282
47.12
61.0966
38.9524
1e+10
39.7935
41.2282
47.12
61.0966
38.9524
