	0.0001	61.663	62.6773	62.5817	61.4315	52.1369	20	20	0	20	0
	0.001	63.2663	64.2644	60.9981	63.0313	51.736	20	20	0	20	0
	0.002	64.1903	65.1495	60.1235	63.9446	51.505	20	20	0	20	0
	0.003	64.9062	65.8035	59.4894	64.6404	51.3259	20	20	0	20	0
	0.004	65.5205	66.3359	58.9871	65.2241	51.172	20	20	0	20	0
	0.005	66.0709	66.7882	58.575	65.7334	51.0339	20	20	0	20	0
	0.006	66.5739	67.1809	58.2317	66.1859	50.9075	20	20	0	20	0
	0.007	67.0378	67.5263	57.9436	66.5911	50.7907	20	20	0	20	0
	0.008	67.4677	67.8324	57.7013	66.9556	50.682	20	20	0	20	0
	0.009	67.8671	68.1054	57.4972	67.2842	50.5808	20	20	0	20	0
	0.01	68.2387	68.3502	57.3254	67.581	50.4863	20	20	0	20	0
	0.011	68.5848	68.5707	57.1808	67.8495	50.3979	20	20	0	20	0
	0.012	68.9075	68.77	57.0594	68.0927	50.3153	20	20	0	20	0
	0.013	69.2084	68.951	56.9576	68.3132	50.2379	20	20	0	20	0
	0.014	69.4893	69.1159	56.8725	68.5135	50.1653	20	20	0	20	0
	0.015	69.7516	69.2667	56.8017	68.6955	50.0973	20	20	0	20	0
	0.016	69.9968	69.405	56.7431	68.8612	50.0334	20	20	0	20	0
	0.017	70.2262	69.5324	56.6949	69.0123	49.9734	20	20	0	20	0
	0.018	70.4408	69.6501	56.6556	69.1501	49.9171	20	20	0	20	0
	0.019	70.6419	69.7592	56.6239	69.2761	49.8641	20	20	0	20	0
	0.02	70.8304	69.8605	56.5988	69.3914	49.8142	20	20	0	20	0
	0.021	71.0073	69.955	56.5793	69.4971	49.7672	20	20	0	20	0
	0.022	71.1734	70.0433	56.5646	69.594	49.7229	20	20	0	20	0
	0.023	71.3295	70.126	56.554	69.6831	49.6811	20	20	0	20	0
	0.024	71.4764	70.2037	56.5471	69.7651	49.6417	20	20	0	20	0
	0.025	71.6147	70.2769	56.5432	69.8406	49.6045	20	20	0	20	0
	0.026	71.745	70.346	56.5419	69.9103	49.5693	20	20	0	20	0
	0.027	71.8679	70.4113	56.5429	69.9748	49.536	20	20	0	20	0
	0.028	71.984	70.4732	56.5459	70.0344	49.5045	20	20	0	20	0
	0.029	72.0937	70.532	56.5505	70.0896	49.4747	20	20	0	20	0
	0.03	72.1974	70.588	56.5565	70.1409	49.4464	20	20	0	20	0
	0.031	72.2957	70.6413	56.5638	70.1886	49.4196	20	20	0	20	0
	0.032	72.3888	70.6922	56.5721	70.2329	49.3942	20	20	0	20	0
	0.033	72.4771	70.7409	56.5813	70.2743	49.37	20	20	0	20	0
	0.034	72.5609	70.7875	56.5912	70.3129	49.3471	20	20	0	20	0
	0.035	72.6406	70.8322	56.6017	70.349	49.3253	20	20	0	20	0
	0.036	72.7164	70.8751	56.6128	70.3829	49.3046	20	20	0	20	0
	0.037	72.7885	70.9164	56.6243	70.4146	49.2849	20	20	0	20	0
	0.038	72.8573	70.9561	56.6362	70.4444	49.2662	20	20	0	20	0
	0.039	72.9228	70.9944	56.6483	70.4725	49.2483	20	20	0	20	0
	0.04	72.9854	71.0313	56.6607	70.4989	49.2313	20	20	0	20	0
	0.041	73.0452	71.0669	56.6733	70.5238	49.2151	20	20	0	20	0
	0.042	73.1023	71.1014	56.6859	70.5474	49.1997	20	20	0	20	0
	0.043	73.157	71.1347	56.6987	70.5697	49.185	20	20	0	20	0
	0.044	73.2094	71.1669	56.7116	70.5909	49.1709	20	20	0	20	0
	0.045	73.2595	71.1982	56.7244	70.611	49.1576	20	20	0	20	0
	0.046	73.3077	71.2284	56.7373	70.6301	49.1448	20	20	0	20	0
	0.047	73.3539	71.2578	56.7502	70.6483	49.1326	20	20	0	20	0
	0.048	73.3982	71.2863	56.763	70.6656	49.121	20	20	0	20	0
	0.049	73.4409	71.3141	56.7758	70.6821	49.1099	20	20	0	20	0
	0.05	73.4819	71.341	56.7885	70.698	49.0993	20	20	0	20	0
	0.051	73.5214	71.3672	56.8011	70.7131	49.0892	20	20	0	20	0
	0.052	73.5595	71.3927	56.8137	70.7277	49.0796	20	20	0	20	0
	0.053	73.5961	71.4175	56.8261	70.7416	49.0704	20	20	0	20	0
	0.054	73.6315	71.4416	56.8384	70.755	49.0616	20	20	0	20	0
	0.055	73.6657	71.4652	56.8507	70.7679	49.0532	20	20	0	20	0
	0.056	73.6986	71.4881	56.8628	70.7804	49.0452	20	20	0	20	0
	0.057	73.7305	71.5105	56.8747	70.7924	49.0375	20	20	0	20	0
	0.058	73.7613	71.5323	56.8866	70.8039	49.0302	20	20	0	20	0
	0.059	73.7911	71.5536	56.8983	70.8151	49.0233	20	20	0	20	0
	0.06	73.82	71.5744	56.9099	70.826	49.0166	20	20	0	20	0
	0.061	73.8479	71.5948	56.9214	70.8365	49.0103	20	20	0	20	0
	0.062	73.875	71.6146	56.9327	70.8467	49.0042	20	20	0	20	0
	0.0629999	73.9012	71.634	56.9439	70.8566	48.9984	20	20	0	20	0
	0.064	73.9267	71.653	56.955	70.8662	48.9929	20	20	0	20	0
	0.065	73.9514	71.6715	56.9659	70.8755	48.9877	20	20	0	20	0
	0.066	73.9754	71.6896	56.9767	70.8846	48.9827	20	20	0	20	0
	0.067	73.9987	71.7074	56.9873	70.8935	48.9779	20	20	0	20	0
	0.068	74.0214	71.7247	56.9979	70.9021	48.9733	20	20	0	20	0
	0.069	74.0434	71.7417	57.0082	70.9105	48.969	20	20	0	20	0
	0.07	74.0648	71.7584	57.0185	70.9188	48.9649	20	20	0	20	0
	0.071	74.0857	71.7747	57.0286	70.9268	48.961	20	20	0	20	0
	0.072	74.106	71.7906	57.0386	70.9346	48.9573	20	20	0	20	0
	0.073	74.1257	71.8063	57.0485	70.9423	48.9537	20	20	0	20	0
	0.074	74.145	71.8216	57.0582	70.9498	48.9504	20	20	0	20	0
	0.075	74.1638	71.8366	57.0678	70.9572	48.9472	20	20	0	20	0
	0.076	74.1821	71.8513	57.0773	70.9644	48.9442	20	20	0	20	0
	0.077	74.1999	71.8657	57.0866	70.9715	48.9413	20	20	0	20	0
	0.078	74.2173	71.8799	57.0958	70.9784	48.9386	20	20	0	20	0
	0.079	74.2343	71.8938	57.1049	70.9853	48.936	20	20	0	20	0
	0.08	74.2509	71.9074	57.1139	70.9919	48.9336	20	20	0	20	0
	0.081	74.2671	71.9208	57.1228	70.9985	48.9313	20	20	0	20	0
	0.082	74.283	71.9339	57.1315	71.005	48.9291	20	20	0	20	0
	0.083	74.2984	71.9467	57.1402	71.0113	48.9271	20	20	0	20	0
	0.084	74.3136	71.9594	57.1487	71.0175	48.9252	20	20	0	20	0
	0.085	74.3284	71.9718	57.1571	71.0237	48.9234	20	20	0	20	0
	0.086	74.3428	71.984	57.1654	71.0297	48.9217	20	20	0	20	0
	0.087	74.357	71.9959	57.1736	71.0357	48.9201	20	20	0	20	0
	0.088	74.3708	72.0077	57.1817	71.0415	48.9186	20	20	0	20	0
	0.089	74.3844	72.0192	57.1897	71.0473	48.9172	20	20	0	20	0
	0.09	74.3976	72.0306	57.1975	71.0529	48.916	20	20	0	20	0
	0.091	74.4106	72.0417	57.2053	71.0585	48.9148	20	20	0	20	0
	0.092	74.4234	72.0527	57.213	71.064	48.9137	20	20	0	20	0
	0.093	74.4358	72.0634	57.2206	71.0695	48.9127	20	20	0	20	0
	0.094	74.4481	72.074	57.228	71.0748	48.9117	20	20	0	20	0
	0.095	74.46	72.0844	57.2354	71.0801	48.9109	20	20	0	20	0
	0.096	74.4718	72.0947	57.2427	71.0853	48.9101	20	20	0	20	0
	0.097	74.4833	72.1047	57.2499	71.0905	48.9094	20	20	0	20	0
	0.098	74.4946	72.1146	57.257	71.0956	48.9088	20	20	0	20	0
	0.099	74.5057	72.1244	57.264	71.1006	48.9082	20	20	0	20	0
	0.1	74.5166	72.1502	60.4578	71.109	48.9078	20	20	20	20	0
	0.101	74.5273	72.1985	62.2633	71.1245	48.9076	20	20	20	20	0
	0.102	74.5378	72.2697	63.6202	71.1495	48.9078	20	20	20	20	0
	0.103	74.5482	72.361	64.7437	71.1849	48.9087	20	20	20	20	0
	0.104	74.5585	72.4685	65.7132	71.2307	48.9105	20	20	20	20	0
	0.105	74.5688	72.5883	66.5667	71.2858	48.9132	20	20	20	20	0
	0.106	74.5792	72.7168	67.3262	71.3493	48.9171	20	20	20	20	0
	0.107	74.5897	72.8508	68.0065	71.4196	48.9222	20	20	20	20	0
	0.108	74.6005	72.988	68.6186	71.4954	48.9284	20	20	20	20	0
	0.109	74.6115	73.1263	69.1714	71.5755	48.9358	20	20	20	20	0
	0.11	74.6229	73.2642	69.6721	71.6588	48.9443	20	20	20	20	0
	0.111	74.6347	73.4004	70.127	71.7442	48.9538	20	20	20	20	0
	0.112	74.647	73.5342	70.5415	71.831	48.9642	20	20	20	20	0
	0.113	74.6597	73.6648	70.9201	71.9184	48.9754	20	20	20	20	0
	0.114	74.6729	73.7919	71.2668	72.006	48.9874	20	20	20	20	0
	0.115	74.6866	73.9152	71.5851	72.0932	48.9999	20	20	20	20	0
	0.116	74.7007	74.0345	71.8781	72.1798	49.013	20	20	20	20	0
	0.117	74.7154	74.1497	72.1484	72.2653	49.0265	20	20	20	20	0
	0.118	74.7305	74.2608	72.3983	72.3496	49.0404	20	20	20	20	0
	0.119	74.746	74.3678	72.6299	72.4324	49.0546	20	20	20	20	0
	0.12	74.762	74.4709	72.845	72.5138	49.069	20	20	20	20	0
	0.121	74.7783	74.5701	73.0452	72.5934	49.0836	20	20	20	20	0
	0.122	74.795	74.6655	73.232	72.6714	49.0984	20	20	20	20	0
	0.123	74.812	74.7573	73.4066	72.7476	49.1132	20	20	20	20	0
	0.124	74.8294	74.8456	73.5701	72.822	49.1281	20	20	20	20	0
	0.125	74.847	74.9306	73.7236	72.8946	49.1431	20	20	20	20	0
	0.126	74.8648	75.0124	73.8679	72.9654	49.158	20	20	20	20	0
	0.127	74.8829	75.0913	74.0038	73.0344	49.173	20	20	20	20	0
	0.128	74.9011	75.1672	74.1321	73.1017	49.1879	20	20	20	20	0
	0.129	74.9196	75.2404	74.2533	73.1672	49.2028	20	20	20	20	0
	0.13	74.9381	75.311	74.3681	73.2311	49.2176	20	20	20	20	0
	0.131	74.9568	75.3792	74.4771	73.2933	49.2324	20	20	20	20	0
	0.132	74.9756	75.445	74.5805	73.3539	49.2471	20	20	20	20	0
	0.133	74.9945	75.5086	74.679	73.4129	49.2618	20	20	20	20	0
	0.134	75.0135	75.5701	74.7728	73.4704	49.2763	20	20	20	20	0
	0.135	75.0324	75.6296	74.8623	73.5264	49.2908	20	20	20	20	0
	0.136	75.0515	75.6872	74.9479	73.581	49.3052	20	20	20	20	0
	0.137	75.0705	75.743	75.0298	73.6342	49.3196	20	20	20	20	0
	0.138	75.0896	75.7971	75.1082	73.6861	49.3338	20	20	20	20	0
	0.139	75.1086	75.8496	75.1834	73.7367	49.348	20	20	20	20	0
	0.14	75.1276	75.9006	75.2557	73.786	49.362	20	20	20	20	0
	0.141	75.1466	75.9501	75.3252	73.8341	49.376	20	20	20	20	0
	0.142	75.1656	75.9982	75.3921	73.881	49.3899	20	20	20	20	0
	0.143	75.1845	76.045	75.4566	73.9268	49.4037	20	20	20	20	0
	0.144	75.2033	76.0906	75.5188	73.9715	49.4174	20	20	20	20	0
	0.145	75.2221	76.1349	75.5788	74.0152	49.4311	20	20	20	20	0
	0.146	75.2408	76.1781	75.6368	74.0578	49.4446	20	20	20	20	0
	0.147	75.2595	76.2202	75.6929	74.0995	49.4581	20	20	20	20	0
	0.148	75.278	76.2612	75.7473	74.1402	49.4715	20	20	20	20	0
	0.149	75.2965	76.3013	75.7999	74.18	49.4848	20	20	20	20	0
	0.15	75.3148	76.3404	75.8509	74.2189	49.498	20	20	20	20	0
	0.151	75.3331	76.3785	75.9005	74.2569	49.5111	20	20	20	20	0
	0.152	75.3513	76.4158	75.9485	74.2941	49.5242	20	20	20	20	0
	0.153	75.3693	76.4523	75.9953	74.3306	49.5372	20	20	20	20	0
	0.154	75.3873	76.4879	76.0407	74.3662	49.55	20	20	20	20	0
	0.155	75.4051	76.5228	76.0849	74.4011	49.5629	20	20	20	20	0
	0.156	75.4228	76.557	76.1279	74.4353	49.5756	20	20	20	20	0
	0.157	75.4404	76.5904	76.1698	74.4687	49.5882	20	20	20	20	0
	0.158	75.4579	76.6231	76.2107	74.5015	49.6008	20	20	20	20	0
	0.159	75.4753	76.6552	76.2505	74.5336	49.6133	20	20	20	20	0
	0.16	75.4925	76.6866	76.2894	74.5651	49.6257	20	20	20	20	0
	0.161	75.5096	76.7174	76.3273	74.596	49.638	20	20	20	20	0
	0.162	75.5266	76.7476	76.3643	74.6263	49.6502	20	20	20	20	0
	0.163	75.5435	76.7772	76.4005	74.656	49.6624	20	20	20	20	0
	0.164	75.5602	76.8063	76.4358	74.6851	49.6745	20	20	20	20	0
	0.165	75.5768	76.8348	76.4704	74.7137	49.6865	20	20	20	20	0
	0.166	75.5932	76.8628	76.5042	74.7418	49.6984	20	20	20	20	0
	0.167	75.6096	76.8903	76.5372	74.7694	49.7103	20	20	20	20	0
	0.168	75.6258	76.9174	76.5696	74.7964	49.722	20	20	20	20	0
	0.169	75.6418	76.9439	76.6013	74.823	49.7337	20	20	20	20	0
	0.17	75.6578	76.97	76.6323	74.8491	49.7453	20	20	20	20	0
	0.171	75.6736	76.9956	76.6627	74.8747	49.7569	20	20	20	20	0
	0.172	75.6892	77.0208	76.6925	74.8999	49.7683	20	20	20	20	0
	0.173	75.7048	77.0456	76.7218	74.9247	49.7797	20	20	20	20	0
	0.174	75.7202	77.07	76.7504	74.949	49.791	20	20	20	20	0
	0.175	75.7355	77.094	76.7785	74.9729	49.8022	20	20	20	20	0
	0.176	75.7506	77.1176	76.8061	74.9964	49.8134	20	20	20	20	0
	0.177	75.7656	77.1408	76.8331	75.0196	49.8244	20	20	20	20	0
	0.178	75.7805	77.1637	76.8597	75.0423	49.8354	20	20	20	20	0
	0.179	75.7952	77.1861	76.8858	75.0647	49.8463	20	20	20	20	0
	0.18	75.8099	77.2083	76.9114	75.0868	49.8572	20	20	20	20	0
	0.181	75.8243	77.2301	76.9365	75.1084	49.8679	20	20	20	20	0
	0.182	75.8387	77.2516	76.9612	75.1298	49.8786	20	20	20	20	0
	0.183	75.8529	77.2728	76.9855	75.1508	49.8892	20	20	20	20	0
	0.184	75.867	77.2936	77.0094	75.1715	49.8998	20	20	20	20	0
	0.185	75.881	77.3141	77.0329	75.1918	49.9102	20	20	20	20	0
	0.186	75.8949	77.3344	77.0559	75.2119	49.9206	20	20	20	20	0
	0.187	75.9086	77.3543	77.0786	75.2316	49.9309	20	20	20	20	0
	0.188	75.9222	77.374	77.1009	75.2511	49.9412	20	20	20	20	0
	0.189	75.9357	77.3934	77.1229	75.2702	49.9513	20	20	20	20	0
	0.19	75.9491	77.4125	77.1445	75.2891	49.9614	20	20	20	20	0
	0.191	75.9623	77.4314	77.1658	75.3077	49.9714	20	20	20	20	0
	0.192	75.9755	77.45	77.1867	75.3261	49.9814	20	20	20	20	0
	0.193	75.9885	77.4683	77.2073	75.3441	49.9912	20	20	20	20	0
	0.194	76.0014	77.4864	77.2276	75.362	50.001	20	20	20	20	0
	0.195	76.0141	77.5042	77.2476	75.3795	50.0108	20	20	20	20	0
	0.196	76.0268	77.5218	77.2673	75.3968	50.0204	20	20	20	20	0
	0.197	76.0393	77.5392	77.2866	75.4139	50.03	20	20	20	20	0
	0.198	76.0518	77.5563	77.3057	75.4308	50.0395	20	20	20	20	0
	0.199	76.0641	77.5733	77.3245	75.4474	50.049	20	20	20	20	0
	0.2	76.0601	74.3872	74.153	75.4603	50.0583	20	0	0	20	0
	0.20099	76.0337	72.5799	72.3754	75.4658	50.0671	20	0	0	20	0
	0.20198	75.9846	71.1937	71.0321	75.4619	50.0752	20	0	0	20	0
	0.20297	75.9154	70.0184	69.9094	75.4474	50.0823	20	0	0	20	0
	0.20396	75.8297	68.9791	68.9288	75.4225	50.088	20	0	0	20	0
	0.20495	75.7314	68.042	68.0534	75.3879	50.092	20	0	0	20	0
	0.205941	75.6238	67.1888	67.2627	75.3448	50.094	20	0	0	20	0
	0.206931	75.5098	66.4079	66.5435	75.2945	50.094	20	0	0	20	0
	0.207921	75.392	65.691	65.8863	75.2383	50.0919	20	0	0	20	0
	0.208911	75.272	65.0313	65.2837	75.1774	50.0877	20	0	0	20	0
	0.209901	75.1514	64.4231	64.7297	75.1128	50.0815	20	0	0	20	0
	0.210891	75.0313	63.8615	64.219	75.0455	50.0734	20	0	0	20	0
	0.211881	74.9125	63.3422	63.7473	74.9762	50.0636	20	0	0	20	0
	0.212871	74.7956	62.8611	63.3108	74.9056	50.0523	20	0	0	20	0
	0.213861	74.681	62.4149	62.9059	74.8343	50.0396	20	0	0	20	0
	0.214851	74.569	62.0004	62.5298	74.7626	50.0257	20	0	0	20	0
	0.215841	74.4598	61.6147	62.1799	74.691	50.0108	20	0	0	20	0
	0.216832	74.3535	61.2553	61.8536	74.6197	49.9949	20	0	0	20	0
	0.217822	74.2502	60.92	61.549	74.5489	49.9783	20	0	0	20	0
	0.218812	74.1499	60.6066	61.2641	74.4789	49.961	20	0	0	20	0
	0.219802	74.0525	60.3134	60.9972	74.4098	49.9433	20	0	0	20	0
	0.220792	73.958	60.0385	60.7468	74.3417	49.925	20	0	0	20	0
	0.221782	73.8664	59.7806	60.5116	74.2746	49.9065	20	0	0	20	0
	0.222772	73.7775	59.5381	60.2902	74.2088	49.8877	20	0	0	20	0
	0.223762	73.6913	59.3099	60.0816	74.1441	49.8687	20	0	0	20	0
	0.224752	73.6077	59.0948	59.8848	74.0806	49.8495	20	0	0	20	0
	0.225742	73.5265	58.8918	59.6987	74.0184	49.8302	20	0	0	20	0
	0.226733	73.4478	58.6999	59.5227	73.9575	49.8109	20	0	0	20	0
	0.227723	73.3714	58.5183	59.3558	73.8978	49.7916	20	0	0	20	0
	0.228713	73.2971	58.3462	59.1975	73.8393	49.7723	20	0	0	20	0
	0.229703	73.225	58.1829	59.0471	73.782	49.7529	20	0	0	20	0
	0.230693	73.155	58.0277	58.904	73.726	49.7337	20	0	0	20	0
	0.231683	73.0869	57.8801	58.7676	73.6711	49.7145	20	0	0	20	0
	0.232673	73.0206	57.7395	58.6376	73.6175	49.6954	20	0	0	20	0
	0.233663	72.9562	57.6054	58.5135	73.5649	49.6763	20	0	0	20	0
	0.234653	72.8934	57.4773	58.3948	73.5135	49.6574	20	0	0	20	0
	0.235643	72.8324	57.355	58.2813	73.4631	49.6386	20	0	0	20	0
	0.236633	72.7729	57.2379	58.1725	73.4138	49.6198	20	0	0	20	0
	0.237624	72.7149	57.1257	58.0682	73.3656	49.6012	20	0	0	20	0
	0.238614	72.6584	57.0182	57.968	73.3183	49.5827	20	0	0	20	0
	0.239604	72.6032	56.9149	57.8717	73.2721	49.5643	20	0	0	20	0
	0.240594	72.5495	56.8157	57.7791	73.2267	49.5461	20	0	0	20	0
	0.241584	72.497	56.7203	57.69	73.1823	49.5279	20	0	0	20	0
	0.242574	72.4457	56.6285	57.6041	73.1388	49.5099	20	0	0	20	0
	0.243564	72.3957	56.54	57.5212	73.0962	49.4919	20	0	0	20	0
	0.244554	72.3467	56.4546	57.4412	73.0544	49.4741	20	0	0	20	0
	0.245544	72.299	56.3723	57.364	73.0135	49.4564	20	0	0	20	0
	0.246534	72.2522	56.2928	57.2893	72.9733	49.4389	20	0	0	20	0
	0.247524	72.2065	56.2159	57.217	72.9339	49.4214	20	0	0	20	0
	0.248515	72.1618	56.1415	57.147	72.8953	49.4041	20	0	0	20	0
	0.249505	72.118	56.0695	57.0792	72.8574	49.3869	20	0	0	20	0
	0.250495	72.0752	55.9997	57.0134	72.8202	49.3698	20	0	0	20	0
	0.251485	72.0333	55.9321	56.9497	72.7837	49.3528	20	0	0	20	0
	0.252475	71.9922	55.8665	56.8878	72.7479	49.3359	20	0	0	20	0
	0.253465	71.952	55.8029	56.8276	72.7128	49.3192	20	0	0	20	0
	0.254455	71.9126	55.7411	56.7692	72.6782	49.3025	20	0	0	20	0
	0.255445	71.8739	55.681	56.7123	72.6443	49.286	20	0	0	20	0
	0.256435	71.836	55.6226	56.657	72.611	49.2696	20	0	0	20	0
	0.257425	71.7989	55.5659	56.6032	72.5783	49.2533	20	0	0	20	0
	0.258415	71.7624	55.5106	56.5508	72.5462	49.2371	20	0	0	20	0
	0.259406	71.7267	55.4568	56.4997	72.5146	49.221	20	0	0	20	0
	0.260396	71.6916	55.4044	56.45	72.4836	49.2051	20	0	0	20	0
	0.261386	71.6572	55.3533	56.4014	72.4531	49.1892	20	0	0	20	0
	0.262376	71.6234	55.3035	56.3541	72.4231	49.1735	20	0	0	20	0
	0.263366	71.5903	55.2549	56.3079	72.3936	49.1578	20	0	0	20	0
	0.264356	71.5577	55.2075	56.2627	72.3646	49.1423	20	0	0	20	0
	0.265346	71.5257	55.1612	56.2187	72.3361	49.1269	20	0	0	20	0
	0.266336	71.4943	55.116	56.1756	72.3081	49.1116	20	0	0	20	0
	0.267326	71.4634	55.0719	56.1335	72.2805	49.0965	20	0	0	20	0
	0.268316	71.4331	55.0288	56.0924	72.2534	49.0814	20	0	0	20	0
	0.269307	71.4033	54.9866	56.0522	72.2267	49.0665	20	0	0	20	0
	0.270297	71.374	54.9454	56.0128	72.2004	49.0516	20	0	0	20	0
	0.271287	71.3452	54.9051	55.9743	72.1746	49.0369	20	0	0	20	0
	0.272277	71.3169	54.8657	55.9366	72.1491	49.0223	20	0	0	20	0
	0.273267	71.289	54.8271	55.8997	72.1241	49.0078	20	0	0	20	0
	0.274257	71.2616	54.7893	55.8636	72.0994	48.9934	20	0	0	20	0
	0.275247	71.2347	54.7523	55.8282	72.0751	48.9791	20	0	0	20	0
	0.276237	71.2082	54.7161	55.7935	72.0512	48.9649	20	0	0	20	0
	0.277227	71.1822	54.6806	55.7595	72.0277	48.9509	20	0	0	20	0
	0.278217	71.1565	54.6458	55.7262	72.0045	48.9369	20	0	0	20	0
	0.279207	71.1313	54.6118	55.6935	71.9817	48.9231	20	0	0	20	0
	0.280198	71.1065	54.5784	55.6615	71.9592	48.9093	20	0	0	20	0
	0.281188	71.082	54.5456	55.6301	71.9371	48.8957	20	0	0	20	0
	0.282178	71.058	54.5135	55.5992	71.9152	48.8822	20	0	0	20	0
	0.283168	71.0343	54.482	55.569	71.8938	48.8688	20	0	0	20	0
	0.284158	71.011	54.451	55.5393	71.8726	48.8555	20	0	0	20	0
	0.285148	70.988	54.4207	55.5101	71.8517	48.8423	20	0	0	20	0
	0.286138	70.9654	54.3909	55.4815	71.8311	48.8293	20	0	0	20	0
	0.287128	70.9432	54.3617	55.4534	71.8109	48.8163	20	0	0	20	0
	0.288118	70.9212	54.333	55.4258	71.7909	48.8034	20	0	0	20	0
	0.289108	70.8997	54.3048	55.3987	71.7712	48.7907	20	0	0	20	0
	0.290098	70.8784	54.2771	55.3721	71.7518	48.778	20	0	0	20	0
	0.291089	70.8574	54.25	55.3459	71.7326	48.7655	20	0	0	20	0
	0.292079	70.8368	54.2232	55.3202	71.7138	48.753	20	0	0	20	0
	0.293069	70.8164	54.197	55.2949	71.6952	48.7407	20	0	0	20	0
	0.294059	70.7964	54.1712	55.2701	71.6768	48.7285	20	0	0	20	0
	0.295049	70.7766	54.1459	55.2456	71.6587	48.7164	20	0	0	20	0
	0.296039	70.7572	54.1209	55.2216	71.6409	48.7043	20	0	0	20	0
	0.297029	70.738	54.0964	55.198	71.6233	48.6924	20	0	0	20	0
	0.298019	70.7191	54.0723	55.1748	71.6059	48.6806	20	0	0	20	0
	0.299009	70.7004	54.0487	55.1519	71.5888	48.6689	20	0	0	20	0
	0.3	67.5084	54.0219	55.1136	68.3859	48.6572	0	0	0	0	0
	0.30099	65.6906	53.9887	55.0533	66.5418	48.6457	0	0	0	0	0
	0.30198	64.3097	53.9465	54.9708	65.1214	48.6343	0	0	0	0	0
	0.30297	63.1507	53.8943	54.8685	63.9132	48.6229	0	0	0	0	0
	0.30396	62.1348	53.8323	54.7502	62.842	48.6117	0	0	0	0	0
	0.30495	61.225	53.7611	54.6197	61.8741	48.6004	0	0	0	0	0
	0.305941	60.4009	53.6819	54.4802	60.9913	48.5891	0	0	0	0	0
	0.306931	59.6492	53.5961	54.3349	60.182	48.5778	0	0	0	0	0
	0.307921	58.9607	53.5047	54.186	59.4379	48.5664	0	0	0	0	0
	0.308911	58.3278	53.4092	54.0354	58.7523	48.5548	0	0	0	0	0
	0.309901	57.7446	53.3104	53.8846	58.1197	48.5431	0	0	0	0	0
	0.310891	57.2059	53.2093	53.7346	57.535	48.5312	0	0	0	0	0
	0.311881	56.7074	53.1067	53.5863	56.9939	48.519	0	0	0	0	0
	0.312871	56.2452	53.0032	53.4403	56.4924	48.5066	0	0	0	0	0
	0.313861	55.8159	52.8993	53.297	56.0271	48.4938	0	0	0	0	0
	0.314851	55.4166	52.7954	53.1567	55.5948	48.4807	0	0	0	0	0
	0.315841	55.0444	52.6919	53.0196	55.1926	48.4673	0	0	0	0	0
	0.316832	54.6972	52.5892	52.8857	54.8179	48.4536	0	0	0	0	0
	0.317822	54.3726	52.4873	52.7552	54.4684	48.4395	0	0	0	0	0
	0.318812	54.0689	52.3865	52.628	54.142	48.425	0	0	0	0	0
	0.319802	53.7842	52.2869	52.5041	53.8368	48.4102	0	0	0	0	0
	0.320792	53.517	52.1886	52.3834	53.5509	48.3951	0	0	0	0	0
	0.321782	53.2659	52.0917	52.2659	53.2829	48.3796	0	0	0	0	0
	0.322772	53.0296	51.9963	52.1515	53.0313	48.3638	0	0	0	0	0
	0.323762	52.8069	51.9024	52.0402	52.7948	48.3477	0	0	0	0	0
	0.324752	52.5967	51.8099	51.9317	52.5721	48.3312	0	0	0	0	0
	0.325742	52.3982	51.719	51.8261	52.3623	48.3145	0	0	0	0	0
	0.326733	52.2103	51.6297	51.7231	52.1643	48.2974	0	0	0	0	0
	0.327723	52.0324	51.5418	51.6228	51.9771	48.2801	0	0	0	0	0
	0.328713	51.8636	51.4555	51.525	51.8001	48.2625	0	0	0	0	0
	0.329703	51.7033	51.3706	51.4296	51.6324	48.2446	0	0	0	0	0
	0.330693	51.5509	51.2873	51.3365	51.4733	48.2265	0	0	0	0	0
	0.331683	51.4058	51.2054	51.2457	51.3222	48.2082	0	0	0	0	0
	0.332673	51.2676	51.1249	51.1571	51.1785	48.1897	0	0	0	0	0
	0.333663	51.1356	51.0459	51.0705	51.0418	48.1709	0	0	0	0	0
	0.334653	51.0095	50.9682	50.9858	50.9114	48.1519	0	0	0	0	0
	0.335643	50.889	50.8919	50.9031	50.787	48.1328	0	0	0	0	0
	0.336633	50.7735	50.8168	50.8223	50.6682	48.1134	0	0	0	0	0
	0.337624	50.6628	50.7431	50.7432	50.5545	48.094	0	0	0	0	0
	0.338614	50.5566	50.6707	50.6658	50.4456	48.0743	0	0	0	0	0
	0.339604	50.4546	50.5995	50.5901	50.3413	48.0545	0	0	0	0	0
	0.340594	50.3565	50.5294	50.5159	50.2411	48.0346	0	0	0	0	0
	0.341584	50.262	50.4606	50.4433	50.1449	48.0145	0	0	0	0	0
	0.342574	50.171	50.3929	50.3721	50.0524	47.9944	0	0	0	0	0
	0.343564	50.0833	50.3264	50.3024	49.9634	47.9741	0	0	0	0	0
	0.344554	49.9985	50.2609	50.234	49.8775	47.9537	0	0	0	0	0
	0.345544	49.9167	50.1965	50.167	49.7948	47.9333	0	0	0	0	0
	0.346534	49.8375	50.1332	50.1012	49.7148	47.9128	0	0	0	0	0
	0.347524	49.7608	50.0708	50.0367	49.6376	47.8922	0	0	0	0	0
	0.348515	49.6866	50.0095	49.9734	49.5629	47.8715	0	0	0	0	0
	0.349505	49.6146	49.9492	49.9112	49.4906	47.8508	0	0	0	0	0
	0.350495	49.5448	49.8898	49.8501	49.4206	47.83	0	0	0	0	0
	0.351485	49.4769	49.8313	49.7902	49.3527	47.8092	0	0	0	0	0
	0.352475	49.411	49.7737	49.7313	49.2868	47.7884	0	0	0	0	0
	0.353465	49.3469	49.717	49.6734	49.2228	47.7675	0	0	0	0	0
	0.354455	49.2846	49.6612	49.6165	49.1606	47.7466	0	0	0	0	0
	0.355445	49.2238	49.6063	49.5605	49.1001	47.7257	0	0	0	0	0
	0.356435	49.1647	49.5521	49.5055	49.0412	47.7048	0	0	0	0	0
	0.357425	49.107	49.4988	49.4515	48.9839	47.6839	0	0	0	0	0
	0.358415	49.0507	49.4463	49.3982	48.9281	47.663	0	0	0	0	0
	0.359406	48.9958	49.3945	49.3459	48.8736	47.6421	0	0	0	0	0
	0.360396	48.9421	49.3435	49.2944	48.8205	47.6213	0	0	0	0	0
	0.361386	48.8897	49.2933	49.2437	48.7686	47.6004	0	0	0	0	0
	0.362376	48.8384	49.2438	49.1938	48.7179	47.5796	0	0	0	0	0
	0.363366	48.7883	49.195	49.1447	48.6684	47.5588	0	0	0	0	0
	0.364356	48.7392	49.1469	49.0963	48.62	47.538	0	0	0	0	0
	0.365346	48.6912	49.0994	49.0486	48.5727	47.5173	0	0	0	0	0
	0.366336	48.6442	49.0527	49.0017	48.5264	47.4967	0	0	0	0	0
	0.367326	48.5981	49.0066	48.9555	48.481	47.476	0	0	0	0	0
	0.368316	48.5529	48.9611	48.91	48.4365	47.4555	0	0	0	0	0
	0.369307	48.5086	48.9163	48.8651	48.393	47.4349	0	0	0	0	0
	0.370297	48.4651	48.872	48.8209	48.3503	47.4145	0	0	0	0	0
	0.371287	48.4224	48.8284	48.7773	48.3084	47.3941	0	0	0	0	0
	0.372277	48.3806	48.7854	48.7343	48.2673	47.3737	0	0	0	0	0
	0.373267	48.3394	48.743	48.692	48.227	47.3535	0	0	0	0	0
	0.374257	48.299	48.7011	48.6502	48.1874	47.3333	0	0	0	0	0
	0.375247	48.2594	48.6598	48.609	48.1486	47.3131	0	0	0	0	0
	0.376237	48.2203	48.619	48.5684	48.1104	47.2931	0	0	0	0	0
	0.377227	48.182	48.5788	48.5284	48.0728	47.2731	0	0	0	0	0
	0.378217	48.1443	48.5391	48.4889	48.0359	47.2532	0	0	0	0	0
	0.379207	48.1072	48.4999	48.4499	47.9997	47.2334	0	0	0	0	0
	0.380198	48.0706	48.4613	48.4114	47.964	47.2137	0	0	0	0	0
	0.381188	48.0347	48.4231	48.3735	47.9289	47.194	0	0	0	0	0
	0.382178	47.9993	48.3854	48.3361	47.8943	47.1745	0	0	0	0	0
	0.383168	47.9645	48.3482	48.2991	47.8603	47.155	0	0	0	0	0
	0.384158	47.9302	48.3115	48.2627	47.8268	47.1357	0	0	0	0	0
	0.385148	47.8964	48.2753	48.2267	47.7939	47.1164	0	0	0	0	0
	0.386138	47.8631	48.2395	48.1911	47.7614	47.0972	0	0	0	0	0
	0.387128	47.8303	48.2041	48.1561	47.7294	47.0781	0	0	0	0	0
	0.388118	47.798	48.1692	48.1215	47.6979	47.0591	0	0	0	0	0
	0.389108	47.7661	48.1347	48.0873	47.6668	47.0402	0	0	0	0	0
	0.390098	47.7347	48.1006	48.0535	47.6362	47.0215	0	0	0	0	0
	0.391089	47.7037	48.067	48.0202	47.606	47.0028	0	0	0	0	0
	0.392079	47.6732	48.0338	47.9872	47.5763	46.9842	0	0	0	0	0
	0.393069	47.643	48.0009	47.9547	47.5469	46.9657	0	0	0	0	0
	0.394059	47.6133	47.9685	47.9226	47.5179	46.9473	0	0	0	0	0
	0.395049	47.5839	47.9365	47.8909	47.4894	46.929	0	0	0	0	0
	0.396039	47.555	47.9048	47.8595	47.4612	46.9108	0	0	0	0	0
	0.397029	47.5264	47.8735	47.8286	47.4334	46.8927	0	0	0	0	0
	0.398019	47.4982	47.8426	47.798	47.4059	46.8748	0	0	0	0	0
	0.399009	47.4703	47.812	47.7677	47.3788	46.8569	0	0	0	0	0
	0.4	50.6323	50.9713	50.9273	50.5415	47.6366	20	20	20	20	20
	0.40099	52.443	52.7794	52.7357	52.3529	48.0787	20	20	20	20	20
	0.40198	53.8403	54.174	54.1307	53.7508	48.4182	20	20	20	20	20
	0.40297	55.0365	55.3678	55.3248	54.9475	48.7084	20	20	20	20	20
	0.40396	56.107	56.436	56.3933	56.0182	48.9685	20	20	20	20	20
	0.40495	57.0848	57.4119	57.3695	56.9961	49.2071	20	20	20	20	20
	0.405941	57.9873	58.3128	58.2707	57.8984	49.4289	20	20	20	20	20
	0.406931	58.8245	59.1489	59.1071	58.7351	49.6365	20	20	20	20	20
	0.407921	59.6037	59.9274	59.886	59.5133	49.8318	20	20	20	20	20
	0.408911	60.3302	60.654	60.6128	60.2386	50.0163	20	20	20	20	20
	0.409901	61.0086	61.3331	61.2922	60.9155	50.191	20	20	20	20	20
	0.410891	61.6429	61.9689	61.9282	61.548	50.3569	20	20	20	20	20
	0.411881	62.2366	62.5649	62.5244	62.1396	50.5147	20	20	20	20	20
	0.412871	62.793	63.1243	63.0839	62.6936	50.6652	20	20	20	20	20
	0.413861	63.3149	63.6501	63.6098	63.2129	50.8089	20	20	20	20	20
	0.414851	63.805	64.1449	64.1047	63.7001	50.9463	20	20	20	20	20
	0.415841	64.2657	64.6112	64.571	64.1578	51.078	20	20	20	20	20
	0.416832	64.6993	65.0512	65.0109	64.5881	51.2044	20	20	20	20	20
	0.417822	65.1078	65.4668	65.4265	64.9932	51.3258	20	20	20	20	20
	0.418812	65.4931	65.86	65.8196	65.3749	51.4426	20	20	20	20	20
	0.419802	65.8569	66.2325	66.1918	65.735	51.5551	20	20	20	20	20
	0.420792	66.2008	66.5858	66.5448	66.0751	51.6636	20	20	20	20	20
	0.421782	66.5262	66.9213	66.88	66.3966	51.7684	20	20	20	20	20
	0.422772	66.8345	67.2404	67.1986	66.7009	51.8698	20	20	20	20	20
	0.423762	67.1269	67.5442	67.5019	66.9892	51.9678	20	20	20	20	20
	0.424752	67.4045	67.8337	67.7909	67.2627	52.0629	20	20	20	20	20
	0.425742	67.6684	68.1102	68.0667	67.5225	52.1551	20	20	20	20	20
	0.426733	67.9196	68.3743	68.3302	67.7694	52.2446	20	20	20	20	20
	0.427723	68.1589	68.627	68.5822	68.0044	52.3317	20	20	20	20	20
	0.428713	68.3871	68.8691	68.8235	68.2284	52.4164	20	20	20	20	20
	0.429703	68.6049	69.1013	69.0547	68.442	52.499	20	20	20	20	20
	0.430693	68.8132	69.3242	69.2767	68.646	52.5794	20	20	20	20	20
	0.431683	69.0124	69.5384	69.4899	68.841	52.658	20	20	20	20	20
	0.432673	69.2032	69.7445	69.695	69.0276	52.7348	20	20	20	20	20
	0.433663	69.3862	69.9429	69.8924	69.2064	52.8098	20	20	20	20	20
	0.434653	69.5618	70.1343	70.0826	69.3778	52.8832	20	20	20	20	20
	0.435643	69.7305	70.3189	70.266	69.5423	52.9551	20	20	20	20	20
	0.436633	69.8927	70.4972	70.4431	69.7004	53.0256	20	20	20	20	20
	0.437624	70.0488	70.6695	70.6142	69.8525	53.0947	20	20	20	20	20
	0.438614	70.1993	70.8363	70.7797	69.9989	53.1625	20	20	20	20	20
	0.439604	70.3443	70.9978	70.9399	70.14	53.2291	20	20	20	20	20
	0.440594	70.4844	71.1543	71.0951	70.276	53.2945	20	20	20	20	20
	0.441584	70.6196	71.306	71.2455	70.4074	53.3589	20	20	20	20	20
	0.442574	70.7504	71.4533	71.3914	70.5343	53.4222	20	20	20	20	20
	0.443564	70.877	71.5964	71.5331	70.6571	53.4845	20	20	20	20	20
	0.444554	70.9995	71.7354	71.6707	70.7759	53.5458	20	20	20	20	20
	0.445544	71.1183	71.8706	71.8045	70.8909	53.6062	20	20	20	20	20
	0.446534	71.2335	72.0022	71.9346	71.0025	53.6657	20	20	20	20	20
	0.447524	71.3453	72.1303	72.0613	71.1107	53.7244	20	20	20	20	20
	0.448515	71.4539	72.2552	72.1847	71.2157	53.7823	20	20	20	20	20
	0.449505	71.5594	72.3768	72.3049	71.3178	53.8394	20	20	20	20	20
	0.450495	71.6621	72.4955	72.4221	71.417	53.8958	20	20	20	20	20
	0.451485	71.762	72.6113	72.5364	71.5135	53.9514	20	20	20	20	20
	0.452475	71.8593	72.7244	72.648	71.6074	54.0063	20	20	20	20	20
	0.453465	71.954	72.8348	72.757	71.6989	54.0606	20	20	20	20	20
	0.454455	72.0465	72.9427	72.8635	71.7881	54.1141	20	20	20	20	20
	0.455445	72.1366	73.0482	72.9675	71.8751	54.1671	20	20	20	20	20
	0.456435	72.2246	73.1513	73.0692	71.96	54.2194	20	20	20	20	20
	0.457425	72.3105	73.2522	73.1687	72.0428	54.2711	20	20	20	20	20
	0.458415	72.3944	73.351	73.266	72.1237	54.3222	20	20	20	20	20
	0.459406	72.4764	73.4477	73.3613	72.2028	54.3728	20	20	20	20	20
	0.460396	72.5566	73.5424	73.4546	72.2801	54.4228	20	20	20	20	20
	0.461386	72.6351	73.6351	73.546	72.3557	54.4722	20	20	20	20	20
	0.462376	72.7119	73.7261	73.6355	72.4296	54.5211	20	20	20	20	20
	0.463366	72.787	73.8152	73.7232	72.5021	54.5695	20	20	20	20	20
	0.464356	72.8607	73.9025	73.8093	72.573	54.6173	20	20	20	20	20
	0.465346	72.9328	73.9883	73.8936	72.6425	54.6646	20	20	20	20	20
	0.466336	73.0035	74.0723	73.9764	72.7106	54.7115	20	20	20	20	20
	0.467326	73.0729	74.1549	74.0576	72.7774	54.7578	20	20	20	20	20
	0.468316	73.1408	74.2358	74.1373	72.8429	54.8037	20	20	20	20	20
	0.469306	73.2076	74.3154	74.2155	72.9071	54.8491	20	20	20	20	20
	0.470297	73.273	74.3934	74.2923	72.9702	54.894	20	20	20	20	20
	0.471287	73.3373	74.4701	74.3678	73.0321	54.9385	20	20	20	20	20
	0.472277	73.4004	74.5455	74.4419	73.0928	54.9825	20	20	20	20	20
	0.473267	73.4624	74.6195	74.5147	73.1525	55.0261	20	20	20	20	20
	0.474257	73.5233	74.6922	74.5862	73.2112	55.0692	20	20	20	20	20
	0.475247	73.5832	74.7638	74.6566	73.2689	55.112	20	20	20	20	20
	0.476237	73.642	74.8341	74.7257	73.3255	55.1542	20	20	20	20	20
	0.477227	73.6999	74.9032	74.7937	73.3812	55.1961	20	20	20	20	20
	0.478217	73.7568	74.9712	74.8606	73.4361	55.2375	20	20	20	20	20
	0.479207	73.8127	75.0381	74.9263	73.49	55.2785	20	20	20	20	20
	0.480198	73.8678	75.1039	74.991	73.543	55.3192	20	20	20	20	20
	0.481188	73.9219	75.1686	75.0547	73.5952	55.3594	20	20	20	20	20
	0.482178	73.9752	75.2323	75.1173	73.6465	55.3992	20	20	20	20	20
	0.483168	74.0277	75.295	75.179	73.6971	55.4386	20	20	20	20	20
	0.484158	74.0794	75.3567	75.2396	73.7469	55.4777	20	20	20	20	20
	0.485148	74.1302	75.4175	75.2994	73.796	55.5163	20	20	20	20	20
	0.486138	74.1803	75.4773	75.3582	73.8443	55.5546	20	20	20	20	20
	0.487128	74.2297	75.5362	75.4161	73.8918	55.5925	20	20	20	20	20
	0.488118	74.2783	75.5942	75.4732	73.9387	55.6301	20	20	20	20	20
	0.489108	74.3262	75.6513	75.5294	73.9849	55.6672	20	20	20	20	20
	0.490098	74.3734	75.7076	75.5847	74.0305	55.7041	20	20	20	20	20
	0.491089	74.4199	75.7631	75.6392	74.0753	55.7405	20	20	20	20	20
	0.492079	74.4658	75.8177	75.693	74.1196	55.7766	20	20	20	20	20
	0.493069	74.511	75.8716	75.7459	74.1632	55.8124	20	20	20	20	20
	0.494059	74.5556	75.9246	75.7981	74.2062	55.8478	20	20	20	20	20
	0.495049	74.5995	75.9769	75.8495	74.2487	55.8828	20	20	20	20	20
	0.496039	74.6429	76.0284	75.9002	74.2905	55.9175	20	20	20	20	20
	0.497029	74.6856	76.0793	75.9502	74.3318	55.9519	20	20	20	20	20
	0.498019	74.7278	76.1293	75.9995	74.3725	55.986	20	20	20	20	20
	0.499009	74.7694	76.1787	76.0481	74.4127	56.0197	20	20	20	20	20
	0.5	74.8105	76.2274	76.0801	71.2663	55.2558	20	20	20	0	0
	0.50099	74.8509	76.2754	76.0891	69.478	54.8294	20	20	20	0	0
	0.50198	74.8906	76.3224	76.0747	68.1123	54.5062	20	20	20	0	0
	0.50297	74.9295	76.3685	76.0394	66.9579	54.233	20	20	20	0	0
	0.50396	74.9676	76.4136	75.9867	65.9396	53.9911	20	20	20	0	0
	0.50495	75.0048	76.4574	75.9205	65.0233	53.772	20	20	20	0	0
	0.505941	75.0409	76.4998	75.8441	64.191	53.5716	20	20	20	0	0
	0.506931	75.0761	76.5409	75.7604	63.431	53.3871	20	20	20	0	0
	0.507921	75.1102	76.5804	75.672	62.735	53.2168	20	20	20	0	0
	0.508911	75.1433	76.6183	75.5806	62.0964	53.0594	20	20	20	0	0
	0.509901	75.1755	76.6546	75.4878	61.5095	52.9135	20	20	20	0	0
	0.510891	75.2066	76.6893	75.3949	60.9694	52.7781	20	20	20	0	0
	0.511881	75.2369	76.7224	75.3026	60.4719	52.6525	20	20	20	0	0
	0.512871	75.2662	76.7538	75.2117	60.013	52.5356	20	20	20	0	0
	0.513861	75.2947	76.7837	75.1226	59.5892	52.4268	20	20	20	0	0
	0.514851	75.3224	76.8121	75.0357	59.1975	52.3254	20	20	20	0	0
	0.515841	75.3494	76.839	74.9513	58.8351	52.2308	20	20	20	0	0
	0.516832	75.3756	76.8644	74.8696	58.4994	52.1423	20	20	20	0	0
	0.517822	75.4012	76.8885	74.7906	58.1881	52.0596	20	20	20	0	0
	0.518812	75.4262	76.9113	74.7143	57.8992	51.982	20	20	20	0	0
	0.519802	75.4505	76.9329	74.6409	57.6307	51.9093	20	20	20	0	0
	0.520792	75.4742	76.9533	74.5702	57.381	51.8409	20	20	20	0	0
	0.521782	75.4975	76.9725	74.5022	57.1485	51.7766	20	20	20	0	0
	0.522772	75.5201	76.9907	74.4369	56.9319	51.716	20	20	20	0	0
	0.523762	75.5423	77.0079	74.3742	56.7298	51.6588	20	20	20	0	0
	0.524752	75.564	77.0241	74.314	56.541	51.6048	20	20	20	0	0
	0.525742	75.5852	77.0395	74.2562	56.3646	51.5537	20	20	20	0	0
	0.526733	75.606	77.0539	74.2007	56.1995	51.5054	20	20	20	0	0
	0.527723	75.6263	77.0676	74.1475	56.0449	51.4594	20	20	20	0	0
	0.528713	75.6462	77.0805	74.0964	55.8999	51.4158	20	20	20	0	0
	0.529703	75.6657	77.0927	74.0474	55.7639	51.3744	20	20	20	0	0
	0.530693	75.6847	77.1042	74.0003	55.6361	51.3349	20	20	20	0	0
	0.531683	75.7034	77.1151	73.9551	55.5159	51.2972	20	20	20	0	0
	0.532673	75.7217	77.1254	73.9117	55.4028	51.2612	20	20	20	0	0
	0.533663	75.7395	77.135	73.87	55.2963	51.2269	20	20	20	0	0
	0.534653	75.757	77.1441	73.8299	55.1958	51.194	20	20	20	0	0
	0.535643	75.7742	77.1528	73.7914	55.101	51.1625	20	20	20	0	0
	0.536633	75.7909	77.1609	73.7543	55.0114	51.1322	20	20	20	0	0
	0.537624	75.8073	77.1685	73.7187	54.9266	51.1032	20	20	20	0	0
	0.538614	75.8234	77.1757	73.6844	54.8464	51.0753	20	20	20	0	0
	0.539604	75.839	77.1825	73.6513	54.7705	51.0484	20	20	20	0	0
	0.540594	75.8544	77.1889	73.6195	54.6984	51.0226	20	20	20	0	0
	0.541584	75.8694	77.1949	73.5888	54.6301	50.9976	20	20	20	0	0
	0.542574	75.884	77.2005	73.5592	54.5651	50.9735	20	20	20	0	0
	0.543564	75.8984	77.2058	73.5307	54.5034	50.9503	20	20	20	0	0
	0.544554	75.9124	77.2108	73.5032	54.4446	50.9278	20	20	20	0	0
	0.545544	75.9261	77.2154	73.4766	54.3886	50.906	20	20	20	0	0
	0.546534	75.9395	77.2198	73.4509	54.3353	50.885	20	20	20	0	0
	0.547524	75.9525	77.2239	73.4261	54.2844	50.8646	20	20	20	0	0
	0.548515	75.9653	77.2277	73.4021	54.2358	50.8448	20	20	20	0	0
	0.549505	75.9778	77.2312	73.3789	54.1894	50.8255	20	20	20	0	0
	0.550495	75.9899	77.2346	73.3565	54.1451	50.8069	20	20	20	0	0
	0.551485	76.0018	77.2377	73.3348	54.1026	50.7888	20	20	20	0	0
	0.552475	76.0134	77.2405	73.3138	54.0619	50.7711	20	20	20	0	0
	0.553465	76.0248	77.2432	73.2934	54.023	50.754	20	20	20	0	0
	0.554455	76.0358	77.2457	73.2736	53.9856	50.7373	20	20	20	0	0
	0.555445	76.0466	77.248	73.2545	53.9497	50.721	20	20	20	0	0
	0.556435	76.0572	77.2501	73.236	53.9153	50.7052	20	20	20	0	0
	0.557425	76.0674	77.2521	73.2179	53.8822	50.6898	20	20	20	0	0
	0.558415	76.0775	77.2539	73.2005	53.8504	50.6747	20	20	20	0	0
	0.559406	76.0872	77.2555	73.1835	53.8198	50.66	20	20	20	0	0
	0.560396	76.0968	77.257	73.167	53.7903	50.6457	20	20	20	0	0
	0.561386	76.1061	77.2584	73.151	53.7619	50.6317	20	20	20	0	0
	0.562376	76.1152	77.2596	73.1355	53.7345	50.618	20	20	20	0	0
	0.563366	76.124	77.2607	73.1204	53.7081	50.6046	20	20	20	0	0
	0.564356	76.1327	77.2617	73.1056	53.6826	50.5916	20	20	20	0	0
	0.565346	76.1411	77.2626	73.0913	53.658	50.5788	20	20	20	0	0
	0.566336	76.1493	77.2634	73.0774	53.6342	50.5663	20	20	20	0	0
	0.567326	76.1573	77.2641	73.0639	53.6113	50.5541	20	20	20	0	0
	0.568316	76.1651	77.2647	73.0507	53.589	50.5422	20	20	20	0	0
	0.569306	76.1728	77.2652	73.0378	53.5675	50.5305	20	20	20	0	0
	0.570297	76.1802	77.2657	73.0253	53.5467	50.5191	20	20	20	0	0
	0.571287	76.1874	77.266	73.0132	53.5266	50.5079	20	20	20	0	0
	0.572277	76.1945	77.2663	73.0013	53.507	50.4969	20	20	20	0	0
	0.573267	76.2014	77.2665	72.9897	53.4881	50.4861	20	20	20	0	0
	0.574257	76.2081	77.2667	72.9784	53.4698	50.4756	20	20	20	0	0
	0.575247	76.2147	77.2668	72.9674	53.452	50.4653	20	20	20	0	0
	0.576237	76.2211	77.2668	72.9567	53.4347	50.4552	20	20	20	0	0
	0.577227	76.2273	77.2668	72.9462	53.4179	50.4453	20	20	20	0	0
	0.578217	76.2334	77.2668	72.936	53.4016	50.4355	20	20	20	0	0
	0.579207	76.2394	77.2666	72.926	53.3858	50.426	20	20	20	0	0
	0.580198	76.2452	77.2665	72.9162	53.3704	50.4167	20	20	20	0	0
	0.581188	76.2508	77.2663	72.9067	53.3555	50.4075	20	20	20	0	0
	0.582178	76.2563	77.2661	72.8974	53.3409	50.3985	20	20	20	0	0
	0.583168	76.2617	77.2658	72.8884	53.3268	50.3897	20	20	20	0	0
	0.584158	76.2669	77.2655	72.8795	53.313	50.3811	20	20	20	0	0
	0.585148	76.2721	77.2652	72.8709	53.2996	50.3726	20	20	20	0	0
	0.586138	76.2771	77.2648	72.8624	53.2866	50.3643	20	20	20	0	0
	0.587128	76.282	77.2644	72.8541	53.2739	50.3561	20	20	20	0	0
	0.588118	76.2867	77.264	72.8461	53.2615	50.3481	20	20	20	0	0
	0.589108	76.2914	77.2636	72.8382	53.2494	50.3402	20	20	20	0	0
	0.590098	76.2959	77.2631	72.8304	53.2377	50.3325	20	20	20	0	0
	0.591089	76.3003	77.2626	72.8229	53.2262	50.3249	20	20	20	0	0
	0.592079	76.3047	77.2622	72.8155	53.215	50.3175	20	20	20	0	0
	0.593069	76.3089	77.2617	72.8083	53.2041	50.3102	20	20	20	0	0
	0.594059	76.313	77.2611	72.8012	53.1935	50.303	20	20	20	0	0
	0.595049	76.3171	77.2606	72.7943	53.1831	50.2959	20	20	20	0	0
	0.596039	76.321	77.2601	72.7875	53.173	50.289	20	20	20	0	0
	0.597029	76.3249	77.2595	72.7809	53.1631	50.2822	20	20	20	0	0
	0.598019	76.3286	77.259	72.7744	53.1534	50.2756	20	20	20	0	0
	0.599009	76.3323	77.2584	72.7681	53.144	50.269	20	20	20	0	0
	0.6	76.3359	77.242	69.6075	56.3174	50.2625	20	20	0	20	0
	0.60099	76.3394	77.2033	67.8502	58.1255	50.256	20	20	0	20	0
	0.60198	76.3428	77.142	66.5615	59.5011	50.2492	20	20	0	20	0
	0.60297	76.3461	77.0608	65.5247	60.6545	50.2419	20	20	0	20	0
	0.60396	76.3492	76.9635	64.6572	61.6611	50.234	20	20	0	20	0
	0.60495	76.352	76.854	63.9172	62.5554	50.2254	20	20	0	20	0
	0.605941	76.3545	76.7358	63.2794	63.3569	50.2159	20	20	0	20	0
	0.606931	76.3567	76.6122	62.7264	64.0783	50.2054	20	20	0	20	0
	0.607921	76.3584	76.4855	62.2446	64.7293	50.1941	20	20	0	20	0
	0.608911	76.3596	76.358	61.8236	65.3178	50.1819	20	20	0	20	0
	0.609901	76.3603	76.2311	61.4545	65.8505	50.169	20	20	0	20	0
	0.610891	76.3604	76.1061	61.1302	66.3333	50.1553	20	20	0	20	0
	0.611881	76.3598	75.9839	60.8444	66.7714	50.1412	20	20	0	20	0
	0.612871	76.3587	75.8652	60.592	67.1693	50.1265	20	20	0	20	0
	0.613861	76.3568	75.7505	60.3686	67.5312	50.1115	20	20	0	20	0
	0.614851	76.3543	75.64	60.1704	67.8607	50.0963	20	20	0	20	0
	0.615842	76.3512	75.5339	59.9943	68.161	50.0808	20	20	0	20	0
	0.616832	76.3474	75.4323	59.8373	68.4349	50.0653	20	20	0	20	0
	0.617822	76.343	75.3353	59.6973	68.6851	50.0498	20	20	0	20	0
	0.618812	76.3381	75.2427	59.5721	68.9137	50.0344	20	20	0	20	0
	0.619802	76.3326	75.1545	59.4599	69.123	50.0191	20	20	0	20	0
	0.620792	76.3267	75.0705	59.3592	69.3146	50.0039	20	20	0	20	0
	0.621782	76.3202	74.9907	59.2687	69.4903	49.9889	20	20	0	20	0
	0.622772	76.3133	74.9148	59.1871	69.6516	49.9742	20	20	0	20	0
	0.623762	76.3061	74.8427	59.1136	69.7997	49.9597	20	20	0	20	0
	0.624752	76.2984	74.7742	59.047	69.9359	49.9454	20	20	0	20	0
	0.625742	76.2905	74.7092	58.9868	70.0612	49.9315	20	20	0	20	0
	0.626733	76.2822	74.6474	58.9322	70.1766	49.9178	20	20	0	20	0
	0.627723	76.2737	74.5887	58.8825	70.283	49.9045	20	20	0	20	0
	0.628713	76.2649	74.533	58.8373	70.3811	49.8914	20	20	0	20	0
	0.629703	76.256	74.48	58.7961	70.4718	49.8787	20	20	0	20	0
	0.630693	76.2469	74.4297	58.7585	70.5556	49.8662	20	20	0	20	0
	0.631683	76.2376	74.3818	58.724	70.6331	49.8541	20	20	0	20	0
	0.632673	76.2282	74.3363	58.6924	70.7049	49.8423	20	20	0	20	0
	0.633663	76.2187	74.293	58.6634	70.7714	49.8307	20	20	0	20	0
	0.634653	76.2092	74.2517	58.6367	70.8331	49.8195	20	20	0	20	0
	0.635643	76.1995	74.2124	58.6121	70.8903	49.8085	20	20	0	20	0
	0.636633	76.1899	74.175	58.5894	70.9435	49.7978	20	20	0	20	0
	0.637624	76.1802	74.1393	58.5684	70.9929	49.7874	20	20	0	20	0
	0.638614	76.1705	74.1053	58.5489	71.0389	49.7773	20	20	0	20	0
	0.639604	76.1608	74.0728	58.5309	71.0818	49.7674	20	20	0	20	0
	0.640594	76.1511	74.0418	58.5141	71.1217	49.7578	20	20	0	20	0
	0.641584	76.1415	74.0121	58.4984	71.1589	49.7484	20	20	0	20	0
	0.642574	76.1319	73.9838	58.4838	71.1936	49.7392	20	20	0	20	0
	0.643564	76.1224	73.9567	58.4701	71.2261	49.7303	20	20	0	20	0
	0.644554	76.1129	73.9308	58.4574	71.2564	49.7216	20	20	0	20	0
	0.645544	76.1035	73.906	58.4454	71.2848	49.7131	20	20	0	20	0
	0.646534	76.0941	73.8822	58.4341	71.3114	49.7048	20	20	0	20	0
	0.647524	76.0849	73.8594	58.4235	71.3362	49.6967	20	20	0	20	0
	0.648515	76.0757	73.8376	58.4135	71.3596	49.6888	20	20	0	20	0
	0.649505	76.0666	73.8166	58.4041	71.3814	49.6811	20	20	0	20	0
	0.650495	76.0577	73.7965	58.3952	71.402	49.6736	20	20	0	20	0
	0.651485	76.0488	73.7772	58.3867	71.4213	49.6663	20	20	0	20	0
	0.652475	76.04	73.7586	58.3787	71.4394	49.6591	20	20	0	20	0
	0.653465	76.0314	73.7408	58.3711	71.4565	49.6522	20	20	0	20	0
	0.654455	76.0228	73.7236	58.3639	71.4725	49.6453	20	20	0	20	0
	0.655445	76.0144	73.7071	58.357	71.4876	49.6387	20	20	0	20	0
	0.656435	76.0061	73.6912	58.3504	71.5019	49.6321	20	20	0	20	0
	0.657425	75.9979	73.6759	58.3442	71.5153	49.6258	20	20	0	20	0
	0.658415	75.9898	73.6612	58.3382	71.528	49.6196	20	20	0	20	0
	0.659406	75.9819	73.6469	58.3325	71.5399	49.6135	20	20	0	20	0
	0.660396	75.9741	73.6332	58.327	71.5513	49.6075	20	20	0	20	0
	0.661386	75.9663	73.62	58.3217	71.5619	49.6017	20	20	0	20	0
	0.662376	75.9588	73.6072	58.3167	71.5721	49.596	20	20	0	20	0
	0.663366	75.9513	73.5949	58.3118	71.5816	49.5905	20	20	0	20	0
	0.664356	75.944	73.583	58.3071	71.5907	49.585	20	20	0	20	0
	0.665346	75.9368	73.5715	58.3026	71.5993	49.5797	20	20	0	20	0
	0.666336	75.9297	73.5604	58.2983	71.6074	49.5745	20	20	0	20	0
	0.667326	75.9227	73.5497	58.2941	71.6151	49.5694	20	20	0	20	0
	0.668316	75.9159	73.5393	58.2901	71.6224	49.5644	20	20	0	20	0
	0.669307	75.9091	73.5292	58.2862	71.6294	49.5595	20	20	0	20	0
	0.670297	75.9025	73.5195	58.2825	71.636	49.5547	20	20	0	20	0
	0.671287	75.8961	73.51	58.2788	71.6423	49.5501	20	20	0	20	0
	0.672277	75.8897	73.5009	58.2753	71.6482	49.5455	20	20	0	20	0
	0.673267	75.8835	73.4921	58.2719	71.6539	49.541	20	20	0	20	0
	0.674257	75.8773	73.4835	58.2686	71.6593	49.5366	20	20	0	20	0
	0.675247	75.8713	73.4752	58.2654	71.6645	49.5323	20	20	0	20	0
	0.676237	75.8654	73.4671	58.2623	71.6693	49.5281	20	20	0	20	0
	0.677227	75.8596	73.4593	58.2593	71.674	49.5239	20	20	0	20	0
	0.678217	75.8539	73.4517	58.2564	71.6785	49.5199	20	20	0	20	0
	0.679207	75.8483	73.4444	58.2536	71.6827	49.5159	20	20	0	20	0
	0.680198	75.8429	73.4372	58.2508	71.6868	49.512	20	20	0	20	0
	0.681188	75.8375	73.4303	58.2481	71.6907	49.5082	20	20	0	20	0
	0.682178	75.8323	73.4236	58.2455	71.6944	49.5045	20	20	0	20	0
	0.683168	75.8271	73.417	58.243	71.6979	49.5008	20	20	0	20	0
	0.684158	75.822	73.4107	58.2405	71.7013	49.4972	20	20	0	20	0
	0.685148	75.8171	73.4045	58.2381	71.7045	49.4937	20	20	0	20	0
	0.686138	75.8122	73.3985	58.2358	71.7076	49.4902	20	20	0	20	0
	0.687128	75.8075	73.3927	58.2335	71.7106	49.4868	20	20	0	20	0
	0.688118	75.8028	73.387	58.2313	71.7134	49.4835	20	20	0	20	0
	0.689108	75.7982	73.3815	58.2291	71.7161	49.4802	20	20	0	20	0
	0.690098	75.7937	73.3761	58.227	71.7187	49.477	20	20	0	20	0
	0.691089	75.7894	73.3709	58.225	71.7212	49.4739	20	20	0	20	0
	0.692079	75.785	73.3658	58.223	71.7236	49.4708	20	20	0	20	0
	0.693069	75.7808	73.3609	58.221	71.7259	49.4678	20	20	0	20	0
	0.694059	75.7767	73.3561	58.2191	71.7281	49.4649	20	20	0	20	0
	0.695049	75.7727	73.3514	58.2173	71.7302	49.4619	20	20	0	20	0
	0.696039	75.7687	73.3468	58.2155	71.7323	49.4591	20	20	0	20	0
	0.697029	75.7648	73.3424	58.2137	71.7342	49.4563	20	20	0	20	0
	0.698019	75.761	73.338	58.212	71.7361	49.4536	20	20	0	20	0
	0.699009	75.7573	73.3338	58.2103	71.7379	49.4509	20	20	0	20	0
	0.7	75.7537	73.3456	61.3788	71.7431	50.2456	20	20	20	20	20
	0.70099	75.7502	73.3798	63.1667	71.7552	50.7027	20	20	20	20	20
	0.70198	75.747	73.4369	64.5089	71.7767	51.0567	20	20	20	20	20
	0.70297	75.7442	73.5143	65.6196	71.8087	51.361	20	20	20	20	20
	0.70396	75.7419	73.6083	66.578	71.8512	51.6345	20	20	20	20	20
	0.70495	75.7402	73.7153	67.4219	71.9034	51.8858	20	20	20	20	20
	0.705941	75.7394	73.8317	68.1733	71.9644	52.1191	20	20	20	20	20
	0.706931	75.7394	73.9546	68.8468	72.0327	52.3373	20	20	20	20	20
	0.707921	75.7405	74.0815	69.4534	72.107	52.5419	20	20	20	20	20
	0.708911	75.7426	74.2103	70.0018	72.1862	52.7345	20	20	20	20	20
	0.709901	75.7458	74.3396	70.4991	72.2692	52.9161	20	20	20	20	20
	0.710891	75.7501	74.4682	70.9515	72.3549	53.0876	20	20	20	20	20
	0.711881	75.7555	74.5951	71.3643	72.4424	53.25	20	20	20	20	20
	0.712871	75.7621	74.7197	71.742	72.5312	53.4038	20	20	20	20	20
	0.713861	75.7697	74.8414	72.0884	72.6206	53.5497	20	20	20	20	20
	0.714851	75.7783	74.96	72.4069	72.71	53.6884	20	20	20	20	20
	0.715841	75.7879	75.0752	72.7006	72.7991	53.8203	20	20	20	20	20
	0.716832	75.7985	75.1869	72.9721	72.8876	53.9459	20	20	20	20	20
	0.717822	75.8099	75.2951	73.2236	72.9751	54.0657	20	20	20	20	20
	0.718812	75.8222	75.3996	73.4571	73.0615	54.1801	20	20	20	20	20
	0.719802	75.8352	75.5006	73.6745	73.1466	54.2894	20	20	20	20	20
	0.720792	75.849	75.5982	73.8772	73.2303	54.394	20	20	20	20	20
	0.721782	75.8634	75.6923	74.0667	73.3124	54.4943	20	20	20	20	20
	0.722772	75.8784	75.7832	74.2443	73.3929	54.5905	20	20	20	20	20
	0.723762	75.894	75.8709	74.4109	73.4717	54.6828	20	20	20	20	20
	0.724752	75.91	75.9556	74.5677	73.5489	54.7715	20	20	20	20	20
	0.725742	75.9266	76.0374	74.7154	73.6244	54.857	20	20	20	20	20
	0.726732	75.9435	76.1164	74.8549	73.6982	54.9392	20	20	20	20	20
	0.727723	75.9608	76.1927	74.9868	73.7703	55.0186	20	20	20	20	20
	0.728713	75.9785	76.2666	75.1119	73.8407	55.0952	20	20	20	20	20
	0.729703	75.9965	76.3381	75.2306	73.9095	55.1692	20	20	20	20	20
	0.730693	76.0147	76.4072	75.3435	73.9767	55.2409	20	20	20	20	20
	0.731683	76.0332	76.4742	75.451	74.0423	55.3102	20	20	20	20	20
	0.732673	76.0519	76.5392	75.5536	74.1064	55.3774	20	20	20	20	20
	0.733663	76.0708	76.6022	75.6516	74.169	55.4426	20	20	20	20	20
	0.734653	76.0899	76.6634	75.7454	74.2301	55.5058	20	20	20	20	20
	0.735643	76.1091	76.7228	75.8353	74.2898	55.5673	20	20	20	20	20
	0.736633	76.1284	76.7806	75.9215	74.3481	55.6271	20	20	20	20	20
	0.737624	76.1479	76.8368	76.0044	74.4051	55.6853	20	20	20	20	20
	0.738614	76.1675	76.8915	76.0841	74.4608	55.7419	20	20	20	20	20
	0.739604	76.1871	76.9447	76.1609	74.5152	55.7971	20	20	20	20	20
	0.740594	76.2068	76.9967	76.235	74.5685	55.851	20	20	20	20	20
	0.741584	76.2265	77.0473	76.3065	74.6205	55.9036	20	20	20	20	20
	0.742574	76.2463	77.0967	76.3756	74.6715	55.9549	20	20	20	20	20
	0.743564	76.2661	77.1449	76.4425	74.7213	56.005	20	20	20	20	20
	0.744554	76.286	77.1921	76.5073	74.7701	56.0541	20	20	20	20	20
	0.745544	76.3058	77.2381	76.5701	74.8179	56.102	20	20	20	20	20
	0.746534	76.3256	77.2832	76.631	74.8646	56.149	20	20	20	20	20
	0.747524	76.3455	77.3273	76.6901	74.9105	56.1949	20	20	20	20	20
	0.748515	76.3653	77.3704	76.7476	74.9554	56.2399	20	20	20	20	20
	0.749505	76.3851	77.4127	76.8035	74.9994	56.2841	20	20	20	20	20
	0.750495	76.4048	77.4542	76.858	75.0425	56.3274	20	20	20	20	20
	0.751485	76.4246	77.4948	76.911	75.0848	56.3698	20	20	20	20	20
	0.752475	76.4443	77.5346	76.9627	75.1263	56.4115	20	20	20	20	20
	0.753465	76.4639	77.5737	77.0131	75.167	56.4524	20	20	20	20	20
	0.754455	76.4835	77.6121	77.0623	75.207	56.4925	20	20	20	20	20
	0.755445	76.503	77.6498	77.1103	75.2462	56.532	20	20	20	20	20
	0.756435	76.5225	77.6869	77.1572	75.2847	56.5707	20	20	20	20	20
	0.757425	76.5419	77.7232	77.2031	75.3226	56.6088	20	20	20	20	20
	0.758415	76.5612	77.759	77.248	75.3597	56.6463	20	20	20	20	20
	0.759406	76.5804	77.7942	77.2919	75.3963	56.6832	20	20	20	20	20
	0.760396	76.5996	77.8288	77.3349	75.4322	56.7194	20	20	20	20	20
	0.761386	76.6187	77.8628	77.377	75.4675	56.7551	20	20	20	20	20
	0.762376	76.6377	77.8963	77.4183	75.5022	56.7902	20	20	20	20	20
	0.763366	76.6566	77.9293	77.4587	75.5363	56.8248	20	20	20	20	20
	0.764356	76.6755	77.9617	77.4984	75.5698	56.8588	20	20	20	20	20
	0.765346	76.6942	77.9937	77.5373	75.6029	56.8923	20	20	20	20	20
	0.766336	76.7129	78.0252	77.5755	75.6354	56.9254	20	20	20	20	20
	0.767326	76.7315	78.0562	77.613	75.6674	56.9579	20	20	20	20	20
	0.768316	76.7499	78.0868	77.6498	75.6989	56.9899	20	20	20	20	20
	0.769306	76.7683	78.117	77.6859	75.7299	57.0215	20	20	20	20	20
	0.770297	76.7866	78.1467	77.7215	75.7604	57.0527	20	20	20	20	20
	0.771287	76.8047	78.176	77.7564	75.7905	57.0834	20	20	20	20	20
	0.772277	76.8228	78.2049	77.7907	75.8201	57.1137	20	20	20	20	20
	0.773267	76.8408	78.2334	77.8244	75.8493	57.1436	20	20	20	20	20
	0.774257	76.8586	78.2615	77.8576	75.8781	57.173	20	20	20	20	20
	0.775247	76.8764	78.2893	77.8903	75.9064	57.2021	20	20	20	20	20
	0.776237	76.894	78.3167	77.9224	75.9344	57.2308	20	20	20	20	20
	0.777227	76.9116	78.3437	77.954	75.9619	57.2591	20	20	20	20	20
	0.778217	76.929	78.3704	77.9851	75.9891	57.287	20	20	20	20	20
	0.779207	76.9463	78.3967	78.0158	76.0159	57.3145	20	20	20	20	20
	0.780198	76.9635	78.4228	78.046	76.0423	57.3418	20	20	20	20	20
	0.781188	76.9807	78.4484	78.0757	76.0684	57.3686	20	20	20	20	20
	0.782178	76.9977	78.4738	78.105	76.0941	57.3951	20	20	20	20	20
	0.783168	77.0145	78.4989	78.1339	76.1195	57.4213	20	20	20	20	20
	0.784158	77.0313	78.5236	78.1623	76.1445	57.4472	20	20	20	20	20
	0.785148	77.048	78.5481	78.1904	76.1692	57.4727	20	20	20	20	20
	0.786138	77.0645	78.5722	78.218	76.1936	57.4979	20	20	20	20	20
	0.787128	77.081	78.5961	78.2453	76.2177	57.5228	20	20	20	20	20
	0.788118	77.0973	78.6197	78.2721	76.2414	57.5474	20	20	20	20	20
	0.789108	77.1135	78.643	78.2986	76.2649	57.5717	20	20	20	20	20
	0.790098	77.1297	78.666	78.3248	76.2881	57.5957	20	20	20	20	20
	0.791089	77.1457	78.6888	78.3506	76.311	57.6195	20	20	20	20	20
	0.792079	77.1616	78.7113	78.376	76.3335	57.6429	20	20	20	20	20
	0.793069	77.1773	78.7336	78.4011	76.3559	57.6661	20	20	20	20	20
	0.794059	77.193	78.7556	78.4259	76.3779	57.689	20	20	20	20	20
	0.795049	77.2086	78.7774	78.4504	76.3997	57.7117	20	20	20	20	20
	0.796039	77.224	78.7989	78.4745	76.4212	57.734	20	20	20	20	20
	0.797029	77.2394	78.8202	78.4984	76.4425	57.7562	20	20	20	20	20
	0.798019	77.2546	78.8412	78.5219	76.4635	57.778	20	20	20	20	20
	0.799009	77.2698	78.862	78.5452	76.4843	57.7997	20	20	20	20	20
	0.8	77.2689	75.6965	75.3786	73.3153	57.0236	20	0	0	0	0
	0.80099	77.2456	73.8893	73.5634	71.4977	56.5849	20	0	0	0	0
	0.80198	77.1994	72.5049	72.1616	70.0938	56.2488	20	0	0	0	0
	0.80297	77.1328	71.3318	70.9609	68.8912	55.9619	20	0	0	0	0
	0.80396	77.0493	70.2945	69.8858	67.8146	55.7049	20	0	0	0	0
	0.80495	76.9527	69.359	68.9031	66.8309	55.4693	20	0	0	0	0
	0.805941	76.8463	68.5067	67.9956	65.923	55.2504	20	0	0	0	0
	0.806931	76.733	67.726	67.1531	65.0807	55.0457	20	0	0	0	0
	0.807921	76.6153	67.0083	66.3684	64.2969	54.8532	20	0	0	0	0
	0.808911	76.4949	66.3469	65.636	63.5662	54.6716	20	0	0	0	0
	0.809901	76.3733	65.736	64.9513	62.8839	54.4997	20	0	0	0	0
	0.810891	76.2516	65.1707	64.3104	62.2462	54.3367	20	0	0	0	0
	0.811881	76.1308	64.6465	63.7097	61.6494	54.1817	20	0	0	0	0
	0.812871	76.0113	64.1596	63.1459	61.0903	54.0342	20	0	0	0	0
	0.813861	75.8938	63.7065	62.6163	60.5659	53.8935	20	0	0	0	0
	0.814851	75.7785	63.2841	62.1182	60.0737	53.7591	20	0	0	0	0
	0.815841	75.6657	62.8895	61.6491	59.6112	53.6306	20	0	0	0	0
	0.816832	75.5554	62.5204	61.2068	59.176	53.5075	20	0	0	0	0
	0.817822	75.4479	62.1744	60.7894	58.7662	53.3895	20	0	0	0	0
	0.818812	75.343	61.8495	60.395	58.3798	53.2762	20	0	0	0	0
	0.819802	75.2409	61.544	60.0218	58.0152	53.1673	20	0	0	0	0
	0.820792	75.1414	61.2562	59.6683	57.6706	53.0625	20	0	0	0	0
	0.821782	75.0447	60.9846	59.3331	57.3447	52.9615	20	0	0	0	0
	0.822772	74.9505	60.7279	59.0149	57.0361	52.8642	20	0	0	0	0
	0.823762	74.8588	60.4848	58.7125	56.7435	52.7702	20	0	0	0	0
	0.824752	74.7695	60.2543	58.4247	56.4658	52.6794	20	0	0	0	0
	0.825742	74.6827	60.0354	58.1506	56.202	52.5915	20	0	0	0	0
	0.826733	74.5981	59.8273	57.8891	55.9511	52.5064	20	0	0	0	0
	0.827723	74.5156	59.6289	57.6395	55.7122	52.4239	20	0	0	0	0
	0.828713	74.4353	59.4397	57.4009	55.4845	52.3439	20	0	0	0	0
	0.829703	74.357	59.259	57.1727	55.2673	52.2661	20	0	0	0	0
	0.830693	74.2806	59.0861	56.9541	55.0597	52.1905	20	0	0	0	0
	0.831683	74.2061	58.9205	56.7445	54.8613	52.117	20	0	0	0	0
	0.832673	74.1334	58.7616	56.5434	54.6714	52.0453	20	0	0	0	0
	0.833663	74.0623	58.6091	56.3502	54.4894	51.9755	20	0	0	0	0
	0.834653	73.9929	58.4624	56.1644	54.3149	51.9073	20	0	0	0	0
	0.835643	73.9251	58.3212	55.9856	54.1474	51.8408	20	0	0	0	0
	0.836633	73.8587	58.1851	55.8134	53.9864	51.7758	20	0	0	0	0
	0.837624	73.7938	58.0538	55.6473	53.8316	51.7122	20	0	0	0	0
	0.838614	73.7302	57.927	55.4871	53.6825	51.65	20	0	0	0	0
	0.839604	73.668	57.8044	55.3323	53.5389	51.5891	20	0	0	0	0
	0.840594	73.607	57.6858	55.1828	53.4005	51.5294	20	0	0	0	0
	0.841584	73.5472	57.5709	55.0381	53.2668	51.4709	20	0	0	0	0
	0.842574	73.4886	57.4594	54.8981	53.1377	51.4134	20	0	0	0	0
	0.843564	73.4311	57.3514	54.7625	53.013	51.3571	20	0	0	0	0
	0.844554	73.3746	57.2464	54.631	52.8922	51.3017	20	0	0	0	0
	0.845544	73.3192	57.1444	54.5035	52.7754	51.2474	20	0	0	0	0
	0.846534	73.2648	57.0452	54.3797	52.6621	51.1939	20	0	0	0	0
	0.847524	73.2114	56.9486	54.2595	52.5523	51.1413	20	0	0	0	0
	0.848515	73.1588	56.8546	54.1427	52.4458	51.0896	20	0	0	0	0
	0.849505	73.1072	56.763	54.0291	52.3424	51.0387	20	0	0	0	0
	0.850495	73.0564	56.6736	53.9186	52.242	50.9886	20	0	0	0	0
	0.851485	73.0064	56.5864	53.811	52.1443	50.9393	20	0	0	0	0
	0.852475	72.9572	56.5013	53.7062	52.0493	50.8907	20	0	0	0	0
	0.853465	72.9088	56.4182	53.6041	51.9569	50.8428	20	0	0	0	0
	0.854455	72.8612	56.337	53.5046	51.8669	50.7955	20	0	0	0	0
	0.855445	72.8142	56.2575	53.4075	51.7792	50.749	20	0	0	0	0
	0.856435	72.768	56.1799	53.3128	51.6938	50.703	20	0	0	0	0
	0.857425	72.7225	56.1038	53.2203	51.6104	50.6577	20	0	0	0	0
	0.858415	72.6776	56.0294	53.13	51.5291	50.613	20	0	0	0	0
	0.859406	72.6333	55.9566	53.0418	51.4497	50.5689	20	0	0	0	0
	0.860396	72.5897	55.8852	52.9556	51.3722	50.5254	20	0	0	0	0
	0.861386	72.5467	55.8152	52.8713	51.2965	50.4824	20	0	0	0	0
	0.862376	72.5043	55.7466	52.7888	51.2224	50.4399	20	0	0	0	0
	0.863366	72.4625	55.6793	52.7081	51.1501	50.398	20	0	0	0	0
	0.864356	72.4212	55.6133	52.6292	51.0793	50.3566	20	0	0	0	0
	0.865346	72.3805	55.5485	52.5519	51.01	50.3157	20	0	0	0	0
	0.866336	72.3403	55.485	52.4762	50.9422	50.2753	20	0	0	0	0
	0.867326	72.3006	55.4226	52.4021	50.8758	50.2354	20	0	0	0	0
	0.868316	72.2614	55.3613	52.3295	50.8108	50.196	20	0	0	0	0
	0.869307	72.2228	55.301	52.2583	50.7471	50.157	20	0	0	0	0
	0.870297	72.1846	55.2419	52.1885	50.6846	50.1185	20	0	0	0	0
	0.871287	72.1469	55.1838	52.12	50.6234	50.0804	20	0	0	0	0
	0.872277	72.1097	55.1266	52.0529	50.5634	50.0428	20	0	0	0	0
	0.873267	72.0729	55.0704	51.987	50.5045	50.0056	20	0	0	0	0
	0.874257	72.0366	55.0152	51.9224	50.4467	49.9688	20	0	0	0	0
	0.875247	72.0007	54.9608	51.8589	50.39	49.9324	20	0	0	0	0
	0.876237	71.9652	54.9074	51.7966	50.3343	49.8965	20	0	0	0	0
	0.877227	71.9302	54.8548	51.7355	50.2797	49.8609	20	0	0	0	0
	0.878217	71.8956	54.803	51.6754	50.226	49.8258	20	0	0	0	0
	0.879207	71.8614	54.7521	51.6164	50.1733	49.791	20	0	0	0	0
	0.880198	71.8275	54.702	51.5585	50.1215	49.7566	20	0	0	0	0
	0.881188	71.7941	54.6526	51.5015	50.0706	49.7226	20	0	0	0	0
	0.882178	71.7611	54.604	51.4455	50.0205	49.689	20	0	0	0	0
	0.883168	71.7285	54.5561	51.3905	49.9713	49.6557	20	0	0	0	0
	0.884158	71.6962	54.509	51.3364	49.923	49.6228	20	0	0	0	0
	0.885148	71.6643	54.4626	51.2832	49.8754	49.5902	20	0	0	0	0
	0.886138	71.6327	54.4168	51.2309	49.8286	49.558	20	0	0	0	0
	0.887128	71.6015	54.3718	51.1794	49.7826	49.5262	20	0	0	0	0
	0.888118	71.5707	54.3273	51.1288	49.7373	49.4946	20	0	0	0	0
	0.889108	71.5402	54.2836	51.079	49.6927	49.4635	20	0	0	0	0
	0.890098	71.51	54.2404	51.0299	49.6489	49.4326	20	0	0	0	0
	0.891089	71.4802	54.1979	50.9817	49.6057	49.4021	20	0	0	0	0
	0.892079	71.4507	54.156	50.9342	49.5632	49.3719	20	0	0	0	0
	0.893069	71.4215	54.1147	50.8875	49.5213	49.342	20	0	0	0	0
	0.894059	71.3926	54.0739	50.8414	49.4801	49.3124	20	0	0	0	0
	0.895049	71.3641	54.0337	50.7961	49.4395	49.2832	20	0	0	0	0
	0.896039	71.3359	53.9941	50.7515	49.3995	49.2542	20	0	0	0	0
	0.897029	71.3079	53.955	50.7075	49.3601	49.2256	20	0	0	0	0
	0.898019	71.2803	53.9165	50.6642	49.3212	49.1972	20	0	0	0	0
	0.899009	71.253	53.8785	50.6216	49.283	49.1692	20	0	0	0	0
	0.9	71.2418	57.0111	50.583	49.2453	49.9388	20	20	0	0	20
	0.90099	71.2532	58.7635	50.552	49.2082	50.3709	20	20	0	0	20
	0.90198	71.2878	60.0708	50.531	49.1719	50.7001	20	20	0	0	20
	0.90297	71.3428	61.147	50.5211	49.1363	50.9796	20	20	0	0	20
	0.90396	71.4147	62.0713	50.5223	49.1016	51.2284	20	20	0	0	20
	0.90495	71.4998	62.8816	50.5337	49.0679	51.4549	20	20	0	0	20
	0.905941	71.5946	63.5998	50.5542	49.0353	51.6635	20	20	0	0	20
	0.906931	71.6961	64.2405	50.5823	49.0038	51.8569	20	20	0	0	20
	0.907921	71.8019	64.8147	50.6167	48.9734	52.0369	20	20	0	0	20
	0.908911	71.9101	65.3311	50.6562	48.9443	52.2048	20	20	0	0	20
	0.909901	72.0191	65.7968	50.6995	48.9164	52.3619	20	20	0	0	20
	0.910891	72.1277	66.218	50.7457	48.8898	52.5089	20	20	0	0	20
	0.911881	72.2352	66.6	50.7938	48.8643	52.6469	20	20	0	0	20
	0.912871	72.3407	66.9471	50.8431	48.8401	52.7765	20	20	0	0	20
	0.913861	72.4438	67.2634	50.8931	48.8171	52.8984	20	20	0	0	20
	0.914851	72.5442	67.5522	50.9431	48.7952	53.0133	20	20	0	0	20
	0.915841	72.6417	67.8165	50.993	48.7744	53.1216	20	20	0	0	20
	0.916832	72.7361	68.0589	51.0422	48.7547	53.2238	20	20	0	0	20
	0.917822	72.8273	68.2817	51.0906	48.7361	53.3204	20	20	0	0	20
	0.918812	72.9154	68.4868	51.138	48.7184	53.4118	20	20	0	0	20
	0.919802	73.0003	68.6761	51.1843	48.7017	53.4985	20	20	0	0	20
	0.920792	73.0821	68.8511	51.2293	48.686	53.5806	20	20	0	0	20
	0.921782	73.1608	69.0132	51.2729	48.6711	53.6586	20	20	0	0	20
	0.922772	73.2366	69.1636	51.3153	48.6571	53.7328	20	20	0	0	20
	0.923762	73.3095	69.3034	51.3562	48.6439	53.8034	20	20	0	0	20
	0.924752	73.3796	69.4336	51.3958	48.6314	53.8706	20	20	0	0	20
	0.925742	73.4471	69.5551	51.434	48.6197	53.9348	20	20	0	0	20
	0.926732	73.512	69.6686	51.4709	48.6087	53.996	20	20	0	0	20
	0.927723	73.5745	69.7749	51.5064	48.5983	54.0546	20	20	0	0	20
	0.928713	73.6347	69.8745	51.5407	48.5886	54.1106	20	20	0	0	20
	0.929703	73.6926	69.9681	51.5738	48.5795	54.1642	20	20	0	0	20
	0.930693	73.7484	70.0562	51.6057	48.5709	54.2157	20	20	0	0	20
	0.931683	73.8021	70.1391	51.6364	48.5629	54.2651	20	20	0	0	20
	0.932673	73.8539	70.2174	51.6661	48.5554	54.3125	20	20	0	0	20
	0.933663	73.9039	70.2914	51.6947	48.5485	54.3582	20	20	0	0	20
	0.934653	73.9521	70.3614	51.7223	48.5419	54.4022	20	20	0	0	20
	0.935643	73.9987	70.4277	51.749	48.5359	54.4445	20	20	0	0	20
	0.936633	74.0436	70.4907	51.7748	48.5302	54.4854	20	20	0	0	20
	0.937624	74.087	70.5505	51.7997	48.525	54.5248	20	20	0	0	20
	0.938614	74.129	70.6075	51.8237	48.5202	54.563	20	20	0	0	20
	0.939604	74.1696	70.6617	51.847	48.5157	54.5998	20	20	0	0	20
	0.940594	74.2089	70.7135	51.8696	48.5116	54.6355	20	20	0	0	20
	0.941584	74.2469	70.7629	51.8914	48.5078	54.6701	20	20	0	0	20
	0.942574	74.2838	70.8102	51.9126	48.5044	54.7036	20	20	0	0	20
	0.943564	74.3195	70.8555	51.9331	48.5012	54.7361	20	20	0	0	20
	0.944554	74.3541	70.8988	51.953	48.4984	54.7676	20	20	0	0	20
	0.945544	74.3877	70.9405	51.9724	48.4958	54.7983	20	20	0	0	20
	0.946534	74.4203	70.9804	51.9912	48.4935	54.8281	20	20	0	0	20
	0.947524	74.4519	71.0189	52.0095	48.4914	54.8571	20	20	0	0	20
	0.948515	74.4826	71.0559	52.0273	48.4896	54.8853	20	20	0	0	20
	0.949505	74.5125	71.0915	52.0446	48.488	54.9128	20	20	0	0	20
	0.950495	74.5415	71.1258	52.0614	48.4867	54.9396	20	20	0	0	20
	0.951485	74.5698	71.159	52.0778	48.4855	54.9657	20	20	0	0	20
	0.952475	74.5972	71.191	52.0939	48.4845	54.9911	20	20	0	0	20
	0.953465	74.624	71.2219	52.1095	48.4838	55.016	20	20	0	0	20
	0.954455	74.65	71.2518	52.1247	48.4832	55.0402	20	20	0	0	20
	0.955445	74.6754	71.2808	52.1396	48.4827	55.0639	20	20	0	0	20
	0.956435	74.7001	71.3088	52.1542	48.4825	55.0871	20	20	0	0	20
	0.957425	74.7242	71.336	52.1684	48.4824	55.1097	20	20	0	0	20
	0.958415	74.7477	71.3624	52.1823	48.4824	55.1318	20	20	0	0	20
	0.959406	74.7707	71.388	52.1959	48.4826	55.1535	20	20	0	0	20
	0.960396	74.7931	71.4129	52.2092	48.4829	55.1747	20	20	0	0	20
	0.961386	74.8149	71.437	52.2222	48.4834	55.1954	20	20	0	0	20
	0.962376	74.8362	71.4605	52.2349	48.4839	55.2158	20	20	0	0	20
	0.963366	74.8571	71.4833	52.2474	48.4846	55.2357	20	20	0	0	20
	0.964356	74.8775	71.5056	52.2597	48.4854	55.2552	20	20	0	0	20
	0.965346	74.8974	71.5272	52.2717	48.4863	55.2743	20	20	0	0	20
	0.966336	74.9168	71.5483	52.2835	48.4872	55.293	20	20	0	0	20
	0.967326	74.9359	71.5688	52.295	48.4883	55.3114	20	20	0	0	20
	0.968316	74.9545	71.5889	52.3063	48.4895	55.3294	20	20	0	0	20
	0.969306	74.9727	71.6084	52.3175	48.4907	55.3471	20	20	0	0	20
	0.970297	74.9906	71.6275	52.3284	48.492	55.3644	20	20	0	0	20
	0.971287	75.0081	71.6461	52.3391	48.4934	55.3815	20	20	0	0	20
	0.972277	75.0252	71.6643	52.3496	48.4949	55.3982	20	20	0	0	20
	0.973267	75.0419	71.682	52.36	48.4964	55.4146	20	20	0	0	20
	0.974257	75.0583	71.6994	52.3702	48.498	55.4307	20	20	0	0	20
	0.975247	75.0744	71.7164	52.3802	48.4996	55.4465	20	20	0	0	20
	0.976237	75.0902	71.733	52.39	48.5013	55.4621	20	20	0	0	20
	0.977227	75.1056	71.7492	52.3996	48.5031	55.4774	20	20	0	0	20
	0.978217	75.1208	71.7651	52.4091	48.5048	55.4924	20	20	0	0	20
	0.979207	75.1357	71.7806	52.4185	48.5067	55.5072	20	20	0	0	20
	0.980197	75.1502	71.7958	52.4277	48.5086	55.5217	20	20	0	0	20
	0.981188	75.1646	71.8107	52.4367	48.5105	55.5359	20	20	0	0	20
	0.982178	75.1786	71.8253	52.4456	48.5124	55.55	20	20	0	0	20
	0.983168	75.1924	71.8396	52.4544	48.5144	55.5638	20	20	0	0	20
	0.984158	75.2059	71.8536	52.463	48.5164	55.5773	20	20	0	0	20
	0.985148	75.2192	71.8673	52.4715	48.5185	55.5907	20	20	0	0	20
	0.986138	75.2322	71.8808	52.4799	48.5206	55.6038	20	20	0	0	20
	0.987128	75.245	71.894	52.4881	48.5227	55.6167	20	20	0	0	20
	0.988118	75.2576	71.9069	52.4962	48.5248	55.6294	20	20	0	0	20
	0.989108	75.2699	71.9196	52.5042	48.5269	55.6419	20	20	0	0	20
	0.990098	75.2821	71.9321	52.512	48.5291	55.6542	20	20	0	0	20
	0.991089	75.294	71.9443	52.5198	48.5313	55.6664	20	20	0	0	20
	0.992079	75.3057	71.9563	52.5274	48.5335	55.6783	20	20	0	0	20
	0.993069	75.3172	71.968	52.5349	48.5357	55.69	20	20	0	0	20
	0.994059	75.3286	71.9796	52.5423	48.5379	55.7016	20	20	0	0	20
	0.995049	75.3397	71.991	52.5496	48.5401	55.713	20	20	0	0	20
	0.996039	75.3507	72.0021	52.5568	48.5424	55.7242	20	20	0	0	20
	0.997029	75.3614	72.0131	52.5639	48.5446	55.7352	20	20	0	0	20
	0.998019	75.372	72.0238	52.5709	48.5469	55.7461	20	20	0	0	20
	0.999009	75.3824	72.0344	52.5778	48.5491	55.7568	20	20	0	0	20
	1			72.219	72.0572	55.7548	48.5548	54.9701	0	20	20	0	0
